3.00E-002	-67.5	-67.5	-67.5	-67.5	-67.5
7.16E-002	-67.4999847	-67.0835648	-66.8753586	-65.2096863	-61.0455246
0.113283336	-67.4999695	-66.6762619	-66.2644196	-62.9696121	-54.7326164
0.154925004	-67.4999542	-66.2771683	-65.6657867	-60.7746849	-48.54702
0.196566671	-67.499939	-65.8855057	-65.0782776	-58.6197739	-42.4663582
0.238208339	-67.4999237	-65.5005875	-64.5008011	-56.498333	-36.4372635
0.279850006	-67.4999084	-65.1217957	-63.9322891	-54.401001	-30.3301888
0.321491659	-67.4998932	-64.7485352	-63.3716583	-52.3138237	-23.8611526
0.363133311	-67.4998779	-64.3802261	-62.8177681	-50.2158585	-16.488327
0.404774964	-67.4998627	-64.0162811	-62.2693901	-48.0759277	-7.33448029
0.446416616	-67.4998474	-63.6561203	-61.7251892	-45.848217	4.72432137
0.488058269	-67.4998322	-63.2991371	-61.1836967	-43.4662895	20.4520531
0.529699922	-67.4998169	-62.9447098	-60.64328	-40.8347855	38.4676628
0.571341574	-67.4998016	-62.5921822	-60.1021118	-37.8177071	52.7081146
0.612983227	-67.4997864	-62.2408638	-59.5581398	-34.2215996	55.9668999
0.654624879	-67.4997711	-61.8900223	-59.009037	-29.7716503	53.7083931
0.696266532	-67.4997559	-61.5388794	-58.4521523	-24.0802402	53.7285919
0.737908185	-67.4997406	-61.1865959	-57.8844604	-16.6156044	52.0937691
0.779549837	-67.4997253	-60.8322601	-57.3024597	-6.70883656	51.8220978
0.82119149	-67.4997101	-60.4748917	-56.7020874	6.26821423	49.9584618
0.862833142	-67.4996948	-60.1134071	-56.0785904	22.206955	49.4316826
0.904474795	-67.4996796	-59.7466202	-55.4263458	38.6458473	47.3200111
0.946116447	-67.4996643	-59.3732147	-54.7386589	49.7466774	46.4734955
0.9877581	-67.499649	-58.9917221	-54.0074654	51.8087234	44.2384415
1.02939975	-67.4996338	-58.600502	-53.2229538	50.8913651	43.0117493
1.07104146	-67.4996185	-58.1976967	-52.3730469	50.5759087	40.7692566
1.11268318	-67.4996033	-57.7811928	-51.4426994	49.4229813	39.1745071
1.15432489	-67.499588	-57.3485756	-50.4129372	48.6160812	36.9686279
1.1959666	-67.4995728	-56.8970528	-49.2595024	47.17202	35.0914459
1.23760831	-67.4995575	-56.4233818	-47.9509506	46.0016823	32.9119034
1.27925003	-67.4995422	-55.9237633	-46.445919	44.316349	30.8621006
1.32089174	-67.4995346	-55.3937073	-44.6891785	42.8265915	28.689579
1.36253345	-67.499527	-54.8278656	-42.6058693	40.9622192	26.5578651
1.40417516	-67.4995193	-54.2198143	-40.0930176	39.2033653	24.3884792
1.44581687	-67.4995117	-53.5617561	-37.0071411	37.2086983	22.2343216
1.48745859	-67.4995041	-52.8441391	-33.1464462	35.2471619	20.0786266
1.5291003	-67.4994965	-52.0551453	-28.2268944	33.1564484	17.9377174
1.57074201	-67.4994888	-51.179985	-21.8551598	31.0614109	15.8112984
1.61238372	-67.4994812	-50.1999359	-13.5158625	28.9039288	13.7053795
1.65402544	-67.4994736	-49.091011	-2.63502121	26.7340508	11.6223698
1.69566715	-67.4994659	-47.8220673	11.1023636	24.5391331	9.56528664
1.73730886	-67.4994583	-46.3521385	26.8390617	22.3386211	7.53617764
1.77895057	-67.4994507	-44.6265488	41.1269455	20.1342869	5.53679705
1.82059228	-67.4994431	-42.5712852	48.7639389	17.9350052	3.56846595
1.862234	-67.4994354	-40.084774	49.4738464	15.7451439	1.63216639
1.90387571	-67.4994278	-37.0258942	49.0458794	13.5698118	-0.271378279
1.94551742	-67.4994202	-33.196949	48.3850899	11.4127407	-2.14169931
1.98715913	-67.4994125	-28.3209667	47.3729248	9.277215	-3.97852826
2.02880073	-67.4994049	-22.0166149	46.2299385	7.16581345	-5.78174019
2.07044244	-67.4993973	-13.7876205	44.8505592	5.0806179	-7.55135345
2.11208415	-67.4993896	-3.08563614	43.3652267	3.02317977	-9.28746033
2.15372586	-67.499382	10.3877001	41.7048912	0.994696379	-10.9902706
2.19536757	-67.4993744	25.8262978	39.9542313	-1.00407374	-12.6600742
2.23700929	-67.4993668	39.9949265	38.0784531	-2.97262406	-14.2971973
2.278651	-67.4993591	47.9246407	36.1286545	-4.91072083	-15.9020433
2.32029271	-67.4993515	48.9964333	34.09478	-6.81837082	-17.4751015
2.36193442	-67.4993439	48.5608978	32.005806	-8.69574833	-19.0169373
2.40357614	-67.4993362	47.9385452	29.8647938	-10.5431957	-20.5282135
2.44521785	-67.4993286	46.897953	27.6885872	-12.3612061	-22.0097141
2.48685956	-67.499321	45.7501488	25.4847336	-14.1504145	-23.4623604
2.52850127	-67.4993134	44.3379059	23.2640953	-15.9115868	-24.8872128
2.57014298	-67.4993057	42.8331795	21.0343132	-17.6456451	-26.2855167
2.6117847	-67.4992981	41.1418228	18.8030243	-19.3537121	-27.6586723
2.65342641	-67.4992905	39.3671227	16.5764847	-21.0370827	-29.0082493
2.69506812	-67.4992828	37.464325	14.3601589	-22.6973591	-30.3359909
2.73670983	-67.4992752	35.4911499	12.1586189	-24.3364029	-31.6437454
2.77835155	-67.4992676	33.4347878	9.97571373	-25.9564457	-32.9334679
2.81999326	-67.4992599	31.3258057	7.81450653	-27.5601463	-34.2071915
2.86163497	-67.4992523	29.1668835	5.6774745	-29.1505623	-35.4668922
2.90327668	-67.4992447	26.9749699	3.56652761	-30.7312984	-36.714489
2.94491839	-67.4992371	24.7576275	1.48307991	-32.3064041	-37.9516869
2.98656011	-67.4992294	22.5255489	-0.571890354	-33.880455	-39.1799164
3.02820182	-67.4992218	20.2862778	-2.59777761	-35.4584808	-40.4001617
3.06984353	-67.4992142	18.0473175	-4.59429789	-37.0458755	-41.6128502
3.11148524	-67.4992065	15.8146954	-6.56141281	-38.6482925	-42.8176689
3.15312696	-67.4991989	13.5937614	-8.49936295	-40.2714233	-44.013401
3.19476867	-67.4991913	11.3888931	-10.408576	-41.9206848	-45.1977806
3.23641038	-67.4991837	9.20375443	-12.2896547	-43.6008148	-46.3673096
3.27805209	-67.499176	7.04125881	-14.1433725	-45.3152618	-47.517189
3.3196938	-67.4991684	4.90372086	-15.9707317	-47.0653992	-48.6412659
3.36133552	-67.4991608	2.7929101	-17.7729015	-48.8495674	-49.7320862
3.40297723	-67.4991531	0.710084677	-19.5513134	-50.6618996	-50.7811012
3.44461894	-67.4991455	-1.34390926	-21.3076668	-52.4910736	-51.7789955
3.48626065	-67.4991379	-3.3685782	-23.0440025	-54.3191948	-52.7162247
3.52790236	-67.4991302	-5.36373234	-24.7627659	-56.1211739	-53.5836029
3.56954408	-67.4991226	-7.32947063	-26.4669075	-57.8650475	-54.3730164
3.61118579	-67.499115	-9.26611328	-28.1599369	-59.5137863	-55.0780983
3.6528275	-67.4991074	-11.1741695	-29.8460102	-61.0289154	-55.6947823
3.69446921	-67.4991074	-13.0543566	-31.5299778	-62.3756142	-56.2216301
3.73611093	-67.4990997	-14.9075966	-33.2174683	-63.5283241	-56.6598701
3.77775264	-67.4990997	-16.7349567	-34.9148674	-64.4751663	-57.0132141
3.81939435	-67.4990997	-18.5377579	-36.6293335	-65.2195358	-57.2873726
3.86103606	-67.4990997	-20.3176003	-38.3686714	-65.7783356	-57.4894905
3.90267777	-67.4990997	-22.0763912	-40.1411819	-66.1775436	-57.6275063
3.94431949	-67.4990997	-23.8163853	-41.9553299	-66.4468918	-57.7095871
3.9859612	-67.4990997	-25.5403595	-43.8192787	-66.6153793	-57.7436752
4.02760267	-67.4990997	-27.251585	-45.7401428	-66.7083588	-57.737133
4.06924438	-67.4990997	-28.9539719	-47.7228661	-66.7463608	-57.6965714
4.1108861	-67.4990997	-30.6521378	-49.7687454	-66.7450867	-57.627758
4.15252781	-67.4990997	-32.3514709	-51.8734589	-66.7160721	-57.5356064
4.19416952	-67.4990997	-34.0581551	-54.024704	-66.6675339	-57.4242439
4.23581123	-67.4990997	-35.7792053	-56.1997452	-66.605217	-57.297081
4.27745295	-67.4990997	-37.5223923	-58.3635254	-66.5330887	-57.1569061
4.31909466	-67.4990997	-39.2961311	-60.4683838	-66.4538574	-57.0059967
4.36073637	-67.4990997	-41.1092453	-62.456707	-66.3693771	-56.8461876
4.40237808	-67.4990997	-42.9705544	-64.2675858	-66.2809067	-56.6789589
4.44401979	-67.4990997	-44.8882828	-65.8470383	-66.1893158	-56.505497
4.48566151	-67.4990997	-46.8690567	-67.1593399	-66.0952148	-56.326767
4.52730322	-67.4990997	-48.916584	-68.1948242	-65.9990082	-56.1435318
4.56894493	-67.4990997	-51.029808	-68.9705734	-65.9009933	-55.9564209
4.61058664	-67.4990997	-53.2005577	-69.5235138	-65.801384	-55.7659302
4.65222836	-67.4990997	-55.4109116	-69.8997192	-65.700325	-55.5724564
4.69387007	-67.4990997	-57.630703	-70.144516	-65.5979385	-55.3763313
4.73551178	-67.4990997	-59.8161659	-70.2964783	-65.4943008	-55.1778183
4.77715349	-67.4990997	-61.9110565	-70.3852692	-65.3894806	-54.9771271
4.8187952	-67.4990997	-63.851696	-70.4321747	-65.2835236	-54.7744217
4.86043692	-67.4990997	-65.5764313	-70.4517441	-65.1764832	-54.5698357
4.90207863	-67.4990997	-67.0378723	-70.4535904	-65.0683823	-54.3634758
4.94372034	-67.4990997	-68.2136612	-70.4439392	-64.959259	-54.1554184
4.98536205	-67.4990997	-69.1107635	-70.4267807	-64.8491364	-53.9457245
5.02700377	-67.4990997	-69.7610931	-70.4046326	-64.7380371	-53.7344284
5.06864548	-67.4990997	-70.2108536	-70.379097	-64.6259842	-53.521553
5.11028719	-67.4990997	-70.5089645	-70.3512039	-64.5130005	-53.3071098
5.1519289	-67.4990997	-70.6988602	-70.3215942	-64.3991013	-53.0910873
5.19357061	-67.4990997	-70.8148193	-70.2906799	-64.2843018	-52.8734627
5.23521233	-67.4990997	-70.8817978	-70.2587433	-64.1686249	-52.6542091
5.27685404	-67.4990997	-70.9169617	-70.2259521	-64.0520859	-52.4332848
5.31849575	-67.4990997	-70.9316864	-70.1924286	-63.9347	-52.2106323
5.36013746	-67.4990997	-70.9333038	-70.1582489	-63.8164864	-51.9861908
5.40177917	-67.4990997	-70.9264984	-70.1234665	-63.6974564	-51.7598801
5.44342089	-67.4990997	-70.9142075	-70.0881195	-63.5776329	-51.5316124
5.4850626	-67.4990997	-70.8982849	-70.0522308	-63.4570274	-51.3012886
5.52670431	-67.4990997	-70.8799057	-70.0158157	-63.3356552	-51.0687981
5.56834602	-67.4990997	-70.8598099	-69.9788818	-63.2135353	-50.8340187
5.60998774	-67.4990997	-70.8384628	-69.9414444	-63.0906792	-50.596817
5.65162945	-67.4990997	-70.8161697	-69.903511	-62.9671059	-50.357048
5.69327116	-67.4990997	-70.7931213	-69.8650818	-62.8428307	-50.1145515
5.73491287	-67.4990997	-70.769455	-69.8261566	-62.7178688	-49.8691521
5.77655458	-67.4990997	-70.7452393	-69.7867432	-62.5922318	-49.6206589
5.8181963	-67.4990997	-70.7205429	-69.7468414	-62.4659386	-49.3688698
5.85983801	-67.4990997	-70.6953964	-69.7064514	-62.3390007	-49.1135674
5.90147972	-67.4990997	-70.6698303	-69.6655731	-62.2114372	-48.8545113
5.94312143	-67.4990997	-70.6438599	-69.6242142	-62.0832558	-48.5914459
5.98476315	-67.4990997	-70.6175003	-69.5823669	-61.9544716	-48.3240967
6.02640486	-67.4990997	-70.5907593	-69.5400391	-61.8250999	-48.0521698
6.06804657	-67.4990997	-70.5636368	-69.4972229	-61.6951523	-47.7753448
6.10968828	-67.4990997	-70.5361404	-69.4539261	-61.56464	-47.4932823
6.15132999	-67.4990997	-70.5082779	-69.4101486	-61.4335747	-47.205616
6.19297171	-67.4990997	-70.4800415	-69.3658829	-61.3019638	-46.911953
6.23461342	-67.4990997	-70.4514389	-69.3211365	-61.1698227	-46.6118736
6.27625513	-67.4990997	-70.4224701	-69.2759094	-61.037159	-46.304924
6.31789684	-67.4990997	-70.3931351	-69.2302017	-60.9039803	-45.9906235
6.35953856	-67.4990997	-70.3634262	-69.184021	-60.7702942	-45.6684532
6.40118027	-67.4990997	-70.3333511	-69.1373596	-60.6361084	-45.3378601
6.44282198	-67.4990997	-70.3029099	-69.0902176	-60.5014305	-44.9982529
6.48446369	-67.4990997	-70.2721024	-69.0426025	-60.3662643	-44.6490021
6.5261054	-67.4990997	-70.240921	-68.9945145	-60.2306137	-44.2894325
6.56774712	-67.4990997	-70.2093735	-68.9459534	-60.0944786	-43.9188271
6.60938883	-67.4990997	-70.1774597	-68.8969193	-59.9578629	-43.5364342
6.65103054	-67.4990997	-70.1451721	-68.8474197	-59.8207626	-43.141449
6.69267225	-67.4990997	-70.1125183	-68.7974548	-59.6831779	-42.7330208
6.73431396	-67.4990997	-70.0794983	-68.7470245	-59.5451088	-42.3102684
6.77595568	-67.4990997	-70.0461044	-68.6961288	-59.4065475	-41.8722649
6.81759739	-67.4990997	-70.0123444	-68.6447754	-59.2674904	-41.4180527
6.8592391	-67.4990997	-69.9782104	-68.5929642	-59.1279259	-40.9466438
6.90088081	-67.4990997	-69.9437103	-68.5406952	-58.9878464	-40.4570389
6.94252253	-67.4990997	-69.9088364	-68.4879761	-58.8472404	-39.9482346
6.98416424	-67.4990997	-69.8735962	-68.4348068	-58.7060928	-39.4192467
7.02580595	-67.4990997	-69.8379898	-68.3811874	-58.5643883	-38.8691368
7.06744766	-67.4990997	-69.8020096	-68.3271255	-58.4221077	-38.2970276
7.10908937	-67.4990997	-69.7656631	-68.2726288	-58.279232	-37.7021675
7.15073109	-67.4990997	-69.7289505	-68.2176971	-58.1357384	-37.0839577
7.1923728	-67.4990997	-69.6918716	-68.1623306	-57.9915962	-36.4420166
7.23401451	-67.4990997	-69.6544266	-68.1065369	-57.8467789	-35.7762527
7.27565622	-67.4990997	-69.6166229	-68.0503159	-57.7012558	-35.0869408
7.31729794	-67.4990997	-69.5784531	-67.9936752	-57.5549927	-34.3748055
7.35893965	-67.4990997	-69.539917	-67.9366226	-57.4079514	-33.64114
7.40058136	-67.4990997	-69.5010223	-67.879158	-57.2600861	-32.8878822
7.44222307	-67.4990997	-69.4617691	-67.8212814	-57.111351	-32.1177444
7.48386478	-67.4990997	-69.4221573	-67.7630081	-56.9617004	-31.3343124
7.5255065	-67.4990997	-69.3821945	-67.7043304	-56.8110771	-30.5421257
7.56714821	-67.4990997	-69.3418732	-67.6452637	-56.6594238	-29.7467461
7.60878992	-67.4990997	-69.3012009	-67.5858078	-56.5066757	-28.9547672
7.65043163	-67.4990997	-69.26017	-67.5259628	-56.3527641	-28.1738091
7.69207335	-67.4990997	-69.2187958	-67.465744	-56.1976128	-27.4124107
7.73371506	-67.4990997	-69.1770706	-67.4051437	-56.0411415	-26.6798782
7.77535677	-67.4990997	-69.1350021	-67.3441772	-55.8832664	-25.9860477
7.81699848	-67.4990997	-69.0925903	-67.2828522	-55.7238884	-25.3409786
7.85864019	-67.4990997	-69.0498352	-67.2211685	-55.5629082	-24.7545891
7.90028191	-67.4990997	-69.0067444	-67.1591263	-55.4002151	-24.2362766
7.94192362	-67.4990997	-68.9633179	-67.0967407	-55.2356911	-23.7944984
7.98356533	-67.4990997	-68.9195557	-67.0340118	-55.0692062	-23.4364223
8.02520657	-67.4990997	-68.8754654	-66.9709473	-54.9006195	-23.167614
8.0668478	-67.4990997	-68.8310471	-66.9075546	-54.7297821	-22.9918213
8.10848904	-67.4990997	-68.7863083	-66.8438339	-54.5565262	-22.9108658
8.15013027	-67.4990997	-68.7412415	-66.7798004	-54.3806763	-22.9246464
8.19177151	-67.4990997	-68.6958618	-66.7154465	-54.2020378	-23.0312634
8.23341274	-67.4990997	-68.6501617	-66.6507874	-54.020401	-23.2271957
8.27505398	-67.4990997	-68.6041489	-66.5858307	-53.8355408	-23.5075626
8.31669521	-67.4990997	-68.5578308	-66.5205765	-53.6472015	-23.8664169
8.35833645	-67.4990997	-68.5112076	-66.4550323	-53.4551125	-24.2970524
8.39997768	-67.4990997	-68.4642792	-66.3892059	-53.2589798	-24.7922955
8.44161892	-67.4990997	-68.4170532	-66.3231049	-53.0584717	-25.344759
8.48326015	-67.4990997	-68.3695297	-66.2567368	-52.8532333	-25.9470959
8.52490139	-67.4990997	-68.3217163	-66.1901016	-52.642868	-26.5921402
8.56654263	-67.4990997	-68.273613	-66.1232071	-52.4269447	-27.2730904
8.60818386	-67.4990997	-68.2252274	-66.0560608	-52.2049866	-27.9835873
8.6498251	-67.4990997	-68.1765594	-65.9886703	-51.9764633	-28.7177792
8.69146633	-67.4990997	-68.1276169	-65.9210358	-51.7407913	-29.4703712
8.73310757	-67.4990997	-68.0783997	-65.8531647	-51.4973183	-30.2366295
8.7747488	-67.4990997	-68.0289154	-65.7850723	-51.2453194	-31.0123596
8.81639004	-67.4990997	-67.9791641	-65.7167511	-50.9839859	-31.7938995
8.85803127	-67.4990997	-67.9291534	-65.6482162	-50.7124138	-32.5780754
8.89967251	-67.4990997	-67.8788834	-65.5794678	-50.4295883	-33.3621521
8.94131374	-67.4990997	-67.8283615	-65.5105133	-50.1343651	-34.143795
8.98295498	-67.4990997	-67.7775955	-65.4413605	-49.8254623	-34.9210167
9.02459621	-67.4990997	-67.7265854	-65.3720169	-49.5014229	-35.692112
9.06623745	-67.4990997	-67.6753387	-65.3024826	-49.1605949	-36.4556274
9.10787868	-67.4990997	-67.6238556	-65.2327652	-48.8010941	-37.2103004
9.14951992	-67.4990997	-67.5721436	-65.1628723	-48.4207802	-37.9550018
9.19116116	-67.4990997	-67.5202026	-65.0928116	-48.017189	-38.6887054
9.23280239	-67.4990997	-67.4680405	-65.022583	-47.5875015	-39.4104576
9.27444363	-67.4990997	-67.4156647	-64.9521942	-47.1284561	-40.1193047
9.31608486	-67.4990997	-67.3630753	-64.8816452	-46.6362877	-40.8143044
9.3577261	-67.4990997	-67.3102798	-64.8109436	-46.1066246	-41.4944649
9.39936733	-67.4990997	-67.2572784	-64.740097	-45.5343781	-42.1587524
9.44100857	-67.4990997	-67.2040787	-64.6691055	-44.9136047	-42.8060684
9.4826498	-67.4990997	-67.1506805	-64.5979767	-44.2373428	-43.4352455
9.52429104	-67.4990997	-67.0970993	-64.5267181	-43.4974251	-44.0450401
9.56593227	-67.4990997	-67.0433273	-64.4553299	-42.6842384	-44.6341629
9.60757351	-67.4990997	-66.9893799	-64.3838196	-41.7864609	-45.2012672
9.64921474	-67.4990997	-66.935257	-64.3121872	-40.7907562	-45.7450027
9.69085598	-67.4990997	-66.8809586	-64.2404404	-39.6814232	-46.264019
9.73249722	-67.4990997	-66.8264923	-64.1685791	-38.4400482	-46.757019
9.77413845	-67.4990997	-66.7718658	-64.0966034	-37.045166	-47.2227783
9.81577969	-67.4990997	-66.7170792	-64.0245285	-35.4720039	-47.6601982
9.85742092	-67.4990997	-66.6621399	-63.9523468	-33.6924706	-48.0683365
9.89906216	-67.4990997	-66.6070557	-63.8800659	-31.6755333	-48.4464417
9.94070339	-67.4990997	-66.5518265	-63.8076859	-29.3883877	-48.7939796
9.98234463	-67.4990997	-66.4964523	-63.7352142	-26.7988682	-49.1106682
10.0239859	-67.4990997	-66.4409485	-63.6626472	-23.8797512	-49.3964615
10.0656271	-67.4990997	-66.3853149	-63.5899925	-20.6157684	-49.6515846
10.1072683	-67.4990997	-66.3295517	-63.5172501	-17.0139008	-49.876503
10.1489096	-67.4990997	-66.2736664	-63.4444199	-13.116848	-50.0719147
10.1905508	-67.4990997	-66.217659	-63.3715057	-9.01769066	-50.2387352
10.232192	-67.4990997	-66.1615448	-63.2985077	-4.8704896	-50.3780556
10.2738333	-67.4990997	-66.1053162	-63.2254257	-0.887719393	-50.4911194
10.3154745	-67.4990997	-66.0489807	-63.1522636	2.68476605	-50.5792809
10.3571157	-67.4990997	-65.9925461	-63.0790215	5.61617422	-50.6439781
10.398757	-67.4990997	-65.9360123	-63.0056992	7.74668217	-50.6866913
10.4403982	-67.4990997	-65.8793869	-62.9322929	9.02288246	-50.7089195
10.4820395	-67.4990997	-65.82267	-62.8588066	9.49400711	-50.7121468
10.5236807	-67.4990997	-65.7658691	-62.7852402	9.27613449	-50.6978264
10.5653219	-67.4990997	-65.708992	-62.7115936	8.50899601	-50.6673508
10.6069632	-67.4990997	-65.6520309	-62.6378632	7.32523775	-50.6220551
10.6486044	-67.4990997	-65.5950012	-62.5640488	5.83652973	-50.5631943
10.6902456	-67.4990997	-65.5378952	-62.4901466	4.13120937	-50.4919357
10.7318869	-67.4990997	-65.4807281	-62.4161568	2.27707815	-50.4093666
10.7735281	-67.4990997	-65.4234924	-62.3420792	0.325476646	-50.3164787
10.8151693	-67.4990997	-65.3661957	-62.2679062	-1.68505359	-50.21418
10.8568106	-67.4990997	-65.3088455	-62.1936378	-3.72570729	-50.1032944
10.8984518	-67.4990997	-65.251442	-62.1192703	-5.7750845	-49.9845619
10.940093	-67.4990997	-65.193985	-62.0448036	-7.8174572	-49.8586502
10.9817343	-67.4990997	-65.1364822	-61.9702301	-9.84136868	-49.7261543
11.0233755	-67.4990997	-65.0789337	-61.895546	-11.8386202	-49.5876007
11.0650167	-67.4990997	-65.021347	-61.8207474	-13.8034954	-49.4434547
11.106658	-67.4990997	-64.9637146	-61.7458267	-15.7321663	-49.2941208
11.1482992	-67.4990997	-64.9060516	-61.6707802	-17.6222858	-49.1399651
11.1899405	-67.4990997	-64.8483505	-61.5956039	-19.472641	-48.9813004
11.2315817	-67.4990997	-64.7906189	-61.5202866	-21.2829704	-48.8183937
11.2732229	-67.4990997	-64.7328644	-61.4448242	-23.0538044	-48.6514778
11.3148642	-67.4990997	-64.6750793	-61.3692131	-24.7863865	-48.4807472
11.3565054	-67.4990997	-64.6172714	-61.2934418	-26.4825878	-48.3063736
11.3981466	-67.4990997	-64.5594406	-61.2175026	-28.1448803	-48.1284866
11.4397879	-67.4990997	-64.5015945	-61.1413841	-29.7763119	-47.9472008
11.4814291	-67.4990997	-64.4437256	-61.0650826	-31.3804417	-47.7626076
11.5230703	-67.4990997	-64.3858414	-60.9885826	-32.9613152	-47.5747757
11.5647116	-67.4990997	-64.3279495	-60.9118767	-34.523365	-47.3837509
11.6063528	-67.4990997	-64.2700424	-60.8349571	-36.0713234	-47.1895638
11.647994	-67.4990997	-64.2121201	-60.7578087	-37.6101189	-46.9922371
11.6896353	-67.4990997	-64.1541901	-60.6804161	-39.1446724	-46.7917671
11.7312765	-67.4990997	-64.0962524	-60.6027718	-40.6797142	-46.5881424
11.7729177	-67.4990997	-64.0383072	-60.5248566	-42.2195129	-46.3813477
11.814559	-67.4990997	-63.9803581	-60.4466629	-43.7675591	-46.1713486
11.8562002	-67.4990997	-63.9224052	-60.3681717	-45.3261566	-45.9581032
11.8978415	-67.4990997	-63.8644447	-60.2893639	-46.8959427	-45.7415619
11.9394827	-67.4990997	-63.8064804	-60.210228	-48.4753494	-45.5216675
11.9811239	-67.4990997	-63.7485161	-60.1307411	-50.060009	-45.2983551
12.0227652	-67.4990997	-63.6905479	-60.0508881	-51.642189	-45.0715561
12.0644064	-67.4990997	-63.6325798	-59.9706459	-53.2103653	-44.8411942
12.1060476	-67.4990997	-63.5746078	-59.8899956	-54.7490578	-44.607193
12.1476889	-67.4990997	-63.5166359	-59.808918	-56.2391357	-44.3694763
12.1893301	-67.4990997	-63.4586601	-59.7273827	-57.6587372	-44.1279602
12.2309713	-67.4990997	-63.4006844	-59.6453705	-58.9849167	-43.8825645
12.2726126	-67.4990997	-63.3427048	-59.5628548	-60.1959038	-43.6332092
12.3142538	-67.4990997	-63.2847252	-59.479805	-61.2736588	-43.379818
12.355895	-67.4990997	-63.2267418	-59.3961945	-62.2061691	-43.1223221
12.3975363	-67.4990997	-63.1687546	-59.3119926	-62.9889526	-42.8606529
12.4391775	-67.4990997	-63.1107635	-59.2271652	-63.625309	-42.5947571
12.4808187	-67.4990997	-63.0527649	-59.1416817	-64.1253052	-42.3245888
12.52246	-67.4990997	-62.9947624	-59.0555	-64.5038452	-42.0501175
12.5641012	-67.4990997	-62.9367523	-58.968586	-64.7783737	-41.771328
12.6057425	-67.4990997	-62.8787308	-58.8808975	-64.9667816	-41.4882278
12.6473837	-67.4990997	-62.8207016	-58.7923889	-65.0858383	-41.2008438
12.6890249	-67.4990997	-62.762661	-58.7030182	-65.1502914	-40.9092369
12.7306662	-67.4990997	-62.7046051	-58.6127357	-65.1724625	-40.6134949
12.7723074	-67.4990997	-62.646534	-58.5214882	-65.1622925	-40.3137436
12.8139486	-67.4990997	-62.5884438	-58.4292183	-65.1275711	-40.0101509
12.8555899	-67.4990997	-62.5303345	-58.3358688	-65.0742722	-39.7029266
12.8972311	-67.4990997	-62.4722023	-58.2413788	-65.0069122	-39.3923645
12.9388723	-67.4990997	-62.4140472	-58.1456795	-64.9288788	-39.0787506
12.9805136	-67.4990997	-62.3558617	-58.0486984	-64.8426743	-38.7624817
13.0221548	-67.4990997	-62.2976456	-57.9503593	-64.7501678	-38.4440155
13.063796	-67.4990997	-62.239399	-57.8505783	-64.6527328	-38.1238823
13.1054373	-67.4990997	-62.1811142	-57.7492714	-64.551384	-37.8026962
13.1470785	-67.4990997	-62.1227875	-57.6463432	-64.4468765	-37.4811592
13.1887197	-67.4990997	-62.0644188	-57.5416908	-64.3397751	-37.1600609
13.230361	-67.4990997	-62.0060005	-57.4352074	-64.2305069	-36.8402824
13.2720022	-67.4990997	-61.9475327	-57.3267708	-64.1193771	-36.5228043
13.3136435	-67.4990997	-61.8890076	-57.216259	-64.0066376	-36.2086906
13.3552847	-67.4990997	-61.8304214	-57.1035347	-63.8924789	-35.8991127
13.3969259	-67.4990997	-61.7717705	-56.9884491	-63.7770424	-35.5953293
13.4385672	-67.4990997	-61.7130508	-56.870842	-63.6604424	-35.2986832
13.4802084	-67.4990997	-61.6542549	-56.7505379	-63.542778	-35.0105972
13.5218496	-67.4990997	-61.5953789	-56.6273499	-63.4241219	-34.7325439
13.5634909	-67.4990997	-61.5364189	-56.5010719	-63.3045387	-34.4660683
13.6051321	-67.4990997	-61.4773674	-56.371479	-63.184082	-34.2127342
13.6467733	-67.4990997	-61.4182167	-56.238327	-63.0627975	-33.9741249
13.6884146	-67.4990997	-61.358963	-56.1013489	-62.9407272	-33.7518196
13.7300558	-67.4990997	-61.2995987	-55.960247	-62.8179054	-33.5473709
13.771697	-67.4990997	-61.2401161	-55.8147011	-62.6943665	-33.3622742
13.8133383	-67.4990997	-61.1805077	-55.6643562	-62.570137	-33.197937
13.8549795	-67.4990997	-61.1207657	-55.5088196	-62.4452477	-33.0556831
13.8966208	-67.4990997	-61.0608864	-55.3476601	-62.3197212	-32.9366913
13.938262	-67.4990997	-61.0008583	-55.1803932	-62.1935806	-32.8419952
13.9799032	-67.4990997	-60.9406738	-55.006485	-62.0668526	-32.7724686
14.0215445	-67.4990997	-60.8803215	-54.8253441	-61.9395561	-32.7287941
14.0631857	-67.4990997	-60.8197937	-54.6362991	-61.8117104	-32.7114639
14.1048269	-67.4990997	-60.7590828	-54.4386101	-61.6833382	-32.7207565
14.1464682	-67.4990997	-60.6981735	-54.2314377	-61.5544548	-32.7567558
14.1881094	-67.4990997	-60.6370583	-54.0138359	-61.4250755	-32.8193321
14.2297506	-67.4990997	-60.5757294	-53.7847404	-61.2952194	-32.9081573
14.2713919	-67.4990997	-60.5141716	-53.542942	-61.1649017	-33.0227165
14.3130331	-67.4990997	-60.4523697	-53.287056	-61.0341377	-33.1623116
14.3546743	-67.4990997	-60.390316	-53.0155106	-60.9029388	-33.326088
14.3963156	-67.4990997	-60.3279953	-52.7264938	-60.7713242	-33.5130424
14.4379568	-67.4990997	-60.2653961	-52.417923	-60.6393013	-33.7220535
14.479598	-67.4990997	-60.2024994	-52.0873795	-60.5068817	-33.9518929
14.5212393	-67.4990997	-60.1392937	-51.7320595	-60.3740768	-34.201252
14.5628805	-67.4990997	-60.0757637	-51.3486824	-60.2408943	-34.46875
14.6045218	-67.4990997	-60.0118904	-50.9333916	-60.1073418	-34.7529716
14.646163	-67.4990997	-59.9476547	-50.4816322	-59.9734306	-35.0524826
14.6878042	-67.4990997	-59.8830414	-49.987999	-59.8391609	-35.365818
14.7294455	-67.4990997	-59.8180313	-49.4460258	-59.7045403	-35.6915245
14.7710867	-67.4990997	-59.7526016	-48.8479424	-59.5695724	-36.0281715
14.8127279	-67.4990997	-59.6867332	-48.1843338	-59.4342613	-36.3743515
14.8543692	-67.4990997	-59.6204071	-47.4437256	-59.2986069	-36.7286873
14.8960104	-67.4990997	-59.5535965	-46.6120377	-59.1626091	-37.0898323
14.9376516	-67.4990997	-59.4862747	-45.6718559	-59.0262642	-37.4564896
14.9792929	-67.4990997	-59.4184189	-44.60149	-58.8895721	-37.8274117
15.0209341	-67.4990997	-59.3499985	-43.3737373	-58.7525215	-38.2013893
15.0625753	-67.4990997	-59.2809868	-41.954258	-58.6151123	-38.5772667
15.1042166	-67.4990997	-59.2113533	-40.2994576	-58.4773293	-38.9539261
15.1458578	-67.4990997	-59.1410675	-38.3538017	-58.3391647	-39.3302994
15.187499	-67.4990997	-59.0700951	-36.0464973	-58.2006111	-39.7053566
15.2291403	-67.4990997	-58.9983978	-33.2877426	-58.0616493	-40.0781097
15.2707815	-67.4990997	-58.9259377	-29.9651489	-57.9222603	-40.4476089
15.3124228	-67.4990997	-58.8526764	-25.9421329	-57.7824287	-40.8129387
15.354064	-67.4990997	-58.7785721	-21.0623207	-57.6421356	-41.1732178
15.3957052	-67.4990997	-58.7035789	-15.1683388	-57.5013542	-41.527607
15.4373465	-67.4990997	-58.6276474	-8.15043354	-57.3600616	-41.8752823
15.4789877	-67.4990997	-58.5507278	-4.70E-002	-57.2182274	-42.2154655
15.5206289	-67.4990997	-58.4727669	8.79239082	-57.0758209	-42.5474091
15.5622702	-67.4990997	-58.3937035	17.5480042	-56.9328079	-42.8703995
15.6039114	-67.4990997	-58.3134766	24.9992447	-56.7891541	-43.1837578
15.6455526	-67.4990997	-58.2320251	30.0632381	-56.6448135	-43.4868507
15.6871939	-67.4990997	-58.1492729	32.5084877	-56.4997444	-43.7790794
15.7288351	-67.4990997	-58.0651474	32.9862976	-56.3539009	-44.0598946
15.7704763	-67.4990997	-57.9795685	32.3160629	-56.2072334	-44.3287888
15.8121176	-67.4990997	-57.8924484	31.0046329	-56.0596809	-44.5853157
15.8537588	-67.4990997	-57.8036995	29.2970791	-55.9111862	-44.8290749
15.8954	-67.4990997	-57.7132187	27.3243504	-55.7616844	-45.0597267
15.9370413	-67.4990997	-57.6208992	25.1691704	-55.6111107	-45.276989
15.9786825	-67.4990997	-57.5266228	22.8891811	-55.4593849	-45.4806442
16.0203247	-67.4990997	-57.4302711	20.5268402	-55.306427	-45.670536
16.0619659	-67.4990997	-57.331707	18.1143017	-55.152153	-45.8465652
16.1036072	-67.4990997	-57.2307854	15.676281	-54.9964714	-46.0087013
16.1452484	-67.4990997	-57.1273499	13.2317924	-54.8392792	-46.1569672
16.1868896	-67.4990997	-57.0212288	10.7954712	-54.6804695	-46.2914505
16.2285309	-67.4990997	-56.9122391	8.37844086	-54.519928	-46.4122849
16.2701721	-67.4990997	-56.8001785	5.9890275	-54.3575287	-46.5196648
16.3118134	-67.4990997	-56.6848259	3.63335967	-54.1931381	-46.6138229
16.3534546	-67.4990997	-56.5659447	1.31578922	-54.0266075	-46.695034
16.3950958	-67.4990997	-56.4432678	-0.96077013	-53.8577843	-46.7636185
16.4367371	-67.4990997	-56.3165131	-3.194484	-53.6864967	-46.8199234
16.4783783	-67.4990997	-56.18536	-5.384408	-53.5125656	-46.864315
16.5200195	-67.4990997	-56.0494614	-7.53027153	-53.3357887	-46.8971901
16.5616608	-67.4990997	-55.908432	-9.63237	-53.1559486	-46.9189606
16.603302	-67.4990997	-55.7618484	-11.6913767	-52.9728165	-46.9300461
16.6449432	-67.4990997	-55.6092415	-13.7083387	-52.7861328	-46.9308662
16.6865845	-67.4990997	-55.4500885	-15.6845741	-52.595623	-46.9218521
16.7282257	-67.4990997	-55.2838058	-17.6216965	-52.4009819	-46.9034271
16.7698669	-67.4990997	-55.109745	-19.5215759	-52.2018852	-46.8760109
16.8115082	-67.4990997	-54.9271774	-21.3864059	-51.9979668	-46.8400154
16.8531494	-67.4990997	-54.7352867	-23.2187233	-51.7888298	-46.7958412
16.8947906	-67.4990997	-54.5331497	-25.021492	-51.5740433	-46.7438774
16.9364319	-67.4990997	-54.319725	-26.7981453	-51.3531227	-46.684494
16.9780731	-67.4990997	-54.0938301	-28.552702	-51.1255417	-46.6180534
17.0197144	-67.4990997	-53.8541222	-30.2897911	-50.8907166	-46.5448914
17.0613556	-67.4990997	-53.5990601	-32.0147209	-50.6479988	-46.465332
17.1029968	-67.4990997	-53.3268814	-33.7334824	-50.3966675	-46.3796844
17.1446381	-67.4990997	-53.0355492	-35.4527283	-50.1359253	-46.2882309
17.1862793	-67.4990997	-52.7227135	-37.1797485	-49.8648834	-46.1912498
17.2279205	-67.4990997	-52.3856354	-38.9222832	-49.5825424	-46.0889893
17.2695618	-67.4990997	-52.0211143	-40.6883469	-49.2877846	-45.9816895
17.311203	-67.4990997	-51.6253929	-42.4858589	-48.9793549	-45.8695717
17.3528442	-67.4990997	-51.1940269	-44.3221664	-48.6558418	-45.7528343
17.3944855	-67.4990997	-50.7217331	-46.2033005	-48.3156509	-45.6316795
17.4361267	-67.4990997	-50.2021904	-48.132988	-47.9569702	-45.506279
17.4777679	-67.4990997	-49.6277924	-50.1113319	-47.5777512	-45.3767967
17.5194092	-67.4990997	-48.989315	-52.1331863	-47.1756516	-45.2433853
17.5610504	-67.4990997	-48.275486	-54.1863441	-46.7480087	-45.1061859
17.6026917	-67.4990997	-47.4724312	-56.249733	-46.2917633	-44.965332
17.6443329	-67.4990997	-46.5629425	-58.2922859	-45.8034058	-44.8209381
17.6859741	-67.4990997	-45.5254898	-60.273159	-45.2789001	-44.6731224
17.7276154	-67.4990997	-44.3329277	-62.144268	-44.7135925	-44.5219917
17.7692566	-67.4990997	-42.9507599	-63.8556213	-44.1021004	-44.3676453
17.8108978	-67.4990997	-41.334816	-65.3630905	-43.4381866	-44.2101784
17.8525391	-67.4990997	-39.4282074	-66.6366348	-42.7146225	-44.0496788
17.8941803	-67.4990997	-37.1574059	-67.6661606	-41.9230194	-43.8862343
17.9358215	-67.4990997	-34.4274101	-68.4623795	-41.0536461	-43.7199287
17.9774628	-67.4990997	-31.1164207	-69.0524902	-40.0952225	-43.5508461
18.019104	-67.4990997	-27.0714436	-69.4727173	-39.0347404	-43.3790703
18.0607452	-67.4990997	-22.1086388	-69.7608337	-37.857254	-43.2046852
18.1023865	-67.4990997	-16.0273628	-69.9508896	-36.5457649	-43.0277786
18.1440277	-67.4990997	-8.65642929	-70.0706863	-35.0812035	-42.8484383
18.1856689	-67.4990997	3.54E-002	-70.1414108	-33.442627	-42.6667633
18.2273102	-67.4990997	9.733634	-70.178421	-31.6077938	-42.4828491
18.2689514	-67.4990997	19.5279732	-70.1924744	-29.5543156	-42.2967987
18.3105927	-67.4990997	27.9121094	-70.1909561	-27.2616844	-42.1087303
18.3522339	-67.4990997	33.4680138	-70.1788406	-24.7145138	-41.918766
18.3938751	-67.4990997	35.9341278	-70.159462	-21.9073486	-41.7270355
18.4355164	-67.4990997	36.2639771	-70.1350403	-18.8511982	-41.5336876
18.4771576	-67.4990997	35.5007057	-70.107048	-15.5814743	-41.3388786
18.5187988	-67.4990997	34.1646538	-70.0764694	-12.1660872	-41.1427841
18.5604401	-67.4990997	32.4671097	-70.0439682	-8.71101475	-40.945591
18.6020813	-67.4990997	30.520237	-70.0099945	-5.3591547	-40.7475014
18.6437225	-67.4990997	28.3963223	-69.9748459	-2.2782321	-40.5487404
18.6853638	-67.4990997	26.1467457	-69.9387207	0.363476515	-40.349556
18.727005	-67.4990997	23.8102436	-69.9017639	2.42832375	-40.1502075
18.7686462	-67.4990997	21.4169216	-69.8640823	3.83592176	-39.9509811
18.8102875	-67.4990997	18.9905071	-69.8257294	4.57375717	-39.7521858
18.8519287	-67.4990997	16.5498047	-69.7867661	4.68845034	-39.5541534
18.8935699	-67.4990997	14.1096716	-69.7472229	4.26442909	-39.357235
18.9352112	-67.4990997	11.6817503	-69.7071152	3.40088439	-39.1618118
18.9768524	-67.4990997	9.27508545	-69.6664734	2.19468927	-38.9682922
19.0184937	-67.4990997	6.89653969	-69.6253052	0.731227756	-38.7770996
19.0601349	-67.4990997	4.55127239	-69.5836258	-0.918717742	-38.5886879
19.1017761	-67.4990997	2.24293804	-69.5414352	-2.69858193	-38.4035301
19.1434174	-67.4990997	-2.59E-002	-69.4987411	-4.56416798	-38.2221184
19.1850586	-67.4990997	-2.25371361	-69.4555511	-6.48150063	-38.0449753
19.2266998	-67.4990997	-4.4396553	-69.4118652	-8.42474651	-37.8726311
19.2683411	-67.4990997	-6.58351803	-69.367691	-10.3744593	-37.7056351
19.3099823	-67.4990997	-8.68554115	-69.3230286	-12.3162031	-37.544548
19.3516235	-67.4990997	-10.7463846	-69.2778854	-14.2393818	-37.3899384
19.3932648	-67.4990997	-12.7670164	-69.232254	-16.1364021	-37.242382
19.434906	-67.4990997	-14.748661	-69.186142	-18.0020027	-37.1024475
19.4765472	-67.4990997	-16.6928082	-69.1395493	-19.8327408	-36.9707069
19.5181885	-67.4990997	-18.6011906	-69.0924759	-21.6266479	-36.8477249
19.5598297	-67.4990997	-20.4758453	-69.0449295	-23.3829498	-36.7340431
19.6014709	-67.4990997	-22.3191223	-68.9969101	-25.1018753	-36.630188
19.6431122	-67.4990997	-24.1337624	-68.9484177	-26.7845421	-36.5366631
19.6847534	-67.4990997	-25.9229813	-68.8994522	-28.4328423	-36.4539413
19.7263947	-67.4990997	-27.6905422	-68.8500214	-30.0493832	-36.3824501
19.7680359	-67.4990997	-29.4408283	-68.8001251	-31.6373539	-36.3225899
19.8096771	-67.4990997	-31.1789131	-68.7497635	-33.2005005	-36.2747078
19.8513184	-67.4990997	-32.9105911	-68.6989365	-34.7429886	-36.2391052
19.8929596	-67.4990997	-34.6424103	-68.6476517	-36.2692947	-36.2160301
19.9346008	-67.4990997	-36.3816299	-68.5959091	-37.7840767	-36.205677
19.9762421	-67.4990997	-38.1361237	-68.5437164	-39.2919884	-36.208168
20.0178833	-67.4990997	-39.9142151	-68.4910736	-40.7974739	-36.2235832
20.0595245	-67.4990997	-41.724411	-68.4379807	-42.304512	-36.2519302
20.1011658	-67.4990997	-43.5749397	-68.3844452	-43.8163147	-36.2931557
20.142807	-67.4990997	-45.4730911	-68.3304749	-45.3349648	-36.3471451
20.1844482	-67.4990997	-47.4243011	-68.276062	-46.8609886	-36.4137306
20.2260895	-67.4990997	-49.4308586	-68.2212143	-48.3928719	-36.4926834
20.2677307	-67.4990997	-51.4902344	-68.1659393	-49.9265747	-36.5837212
20.3093719	-67.4990997	-53.5930939	-68.1102371	-51.4550438	-36.6865082
20.3510132	-67.4990997	-55.7211533	-68.0541153	-52.9678726	-36.8006516
20.3926544	-67.4990997	-57.8454437	-67.9975739	-54.4511986	-36.9257202
20.4342957	-67.4990997	-59.925663	-67.9406204	-55.8879814	-37.0612411
20.4759369	-67.4990997	-61.9118271	-67.883255	-57.2587967	-37.2067108
20.5175781	-67.4990997	-63.7490196	-67.8254852	-58.5432205	-37.3615875
20.5592194	-67.4990997	-65.3854065	-67.7673187	-59.7217064	-37.5253029
20.6008606	-67.4990997	-66.7818985	-67.7087555	-60.777729	-37.6972618
20.6425018	-67.4990997	-67.9202271	-67.6498032	-61.6997719	-37.8768539
20.6841431	-67.4990997	-68.8059311	-67.5904617	-62.4826813	-38.0634499
20.7257843	-67.4990997	-69.4649582	-67.5307388	-63.1280594	-38.2564201
20.7674255	-67.4990997	-69.9355545	-67.4706421	-63.6436195	-38.4551125
20.8090668	-67.4990997	-70.259346	-67.4101715	-64.0416946	-38.6588745
20.850708	-67.4990997	-70.4745712	-67.3493347	-64.3373795	-38.8670616
20.8923492	-67.4990997	-70.6126328	-67.2881393	-64.5466995	-39.0790215
20.9339905	-67.4990997	-70.6974182	-67.226593	-64.6851425	-39.2941055
20.9756317	-67.4990997	-70.7461014	-67.1646957	-64.7667007	-39.511673
21.0172729	-67.4990997	-70.7705994	-67.1024551	-64.8033981	-39.7310944
21.0589142	-67.4990997	-70.7789612	-67.0398788	-64.8051682	-39.9517441
21.1005554	-67.4990997	-70.7765503	-66.9769669	-64.7799911	-40.1730118
21.1421967	-67.4990997	-70.7669067	-66.9137268	-64.7341156	-40.3942986
21.1838379	-67.4990997	-70.7523422	-66.8501663	-64.6723785	-40.6150246
21.2254791	-67.4990997	-70.7343826	-66.786293	-64.598465	-40.8346214
21.2671204	-67.4990997	-70.7140274	-66.7221146	-64.5151596	-41.0525284
21.3087616	-67.4990997	-70.6919327	-66.6576309	-64.4245682	-41.268219
21.3504028	-67.4990997	-70.668541	-66.5928574	-64.3282623	-41.4811745
21.3920441	-67.4990997	-70.6441422	-66.5277863	-64.2274246	-41.6908913
21.4336853	-67.4990997	-70.6189346	-66.4624329	-64.1229553	-41.8969002
21.4753265	-67.4990997	-70.5930557	-66.3968048	-64.0155182	-42.0987473
21.5169678	-67.4990997	-70.5665894	-66.3309021	-63.9056168	-42.2959976
21.558609	-67.4990997	-70.5396042	-66.26474	-63.793644	-42.4882469
21.6002502	-67.4990997	-70.5121384	-66.1983185	-63.6798973	-42.675106
21.6418915	-67.4990997	-70.48423	-66.1316376	-63.5646095	-42.8562126
21.6835327	-67.4990997	-70.4558945	-66.0647125	-63.4479599	-43.0312386
21.725174	-67.4990997	-70.4271469	-65.997551	-63.3300934	-43.1998787
21.7668152	-67.4990997	-70.397995	-65.9301529	-63.2111206	-43.3618469
21.8084564	-67.4990997	-70.368454	-65.8625259	-63.0911407	-43.5168915
21.8500977	-67.4990997	-70.3385315	-65.7946777	-62.9702263	-43.6647911
21.8917389	-67.4990997	-70.3082199	-65.7266083	-62.8484421	-43.8053436
21.9333801	-67.4990997	-70.2775345	-65.6583328	-62.7258453	-43.938385
21.9750214	-67.4990997	-70.2464676	-65.5898514	-62.6024818	-44.0637741
22.0166626	-67.4990997	-70.2150269	-65.5211716	-62.4783936	-44.1814003
22.0583038	-67.4990997	-70.1832123	-65.452301	-62.3536186	-44.2911797
22.0999451	-67.4990997	-70.1510315	-65.3832474	-62.2281914	-44.3930511
22.1415863	-67.4990997	-70.1184769	-65.3140106	-62.1021385	-44.4869804
22.1832275	-67.4990997	-70.0855484	-65.2445984	-61.9754906	-44.5729675
22.2248688	-67.4990997	-70.0522461	-65.1750183	-61.8482742	-44.6510239
22.26651	-67.4990997	-70.0185699	-65.105278	-61.7205124	-44.7211876
22.3081512	-67.4990997	-69.9845276	-65.0353775	-61.5922279	-44.7835159
22.3497925	-67.4990997	-69.950119	-64.9653244	-61.4634399	-44.8380928
22.3914337	-67.4990997	-69.9153366	-64.8951187	-61.3341675	-44.8850098
22.433075	-67.4990997	-69.880188	-64.8247757	-61.2044334	-44.9243813
22.4747162	-67.4990997	-69.8446655	-64.7542953	-61.0742531	-44.9563332
22.5163574	-67.4990997	-69.8087769	-64.6836853	-60.9436417	-44.9810028
22.5579987	-67.4990997	-69.772522	-64.6129456	-60.8126144	-44.9985428
22.5996399	-67.4990997	-69.7359009	-64.5420837	-60.6811867	-45.0091095
22.6412811	-67.4990997	-69.6989136	-64.4710999	-60.5493736	-45.0128708
22.6829224	-67.4990997	-69.6615601	-64.4000015	-60.4171867	-45.0100021
22.7245636	-67.4990997	-69.6238403	-64.3287964	-60.2846336	-45.000679
22.7662048	-67.4990997	-69.585762	-64.2574844	-60.1517258	-44.9850845
22.8078461	-67.4990997	-69.5473175	-64.1860733	-60.0184746	-44.9634018
22.8494873	-67.4990997	-69.5085144	-64.114563	-59.8848877	-44.9358139
22.8911285	-67.4990997	-69.4693527	-64.0429611	-59.7509689	-44.9025078
22.9327698	-67.4990997	-69.4298325	-63.9712677	-59.6167259	-44.8636703
22.974411	-67.4990997	-69.3899612	-63.8994865	-59.4821625	-44.8194809
23.0160522	-67.4990997	-69.3497314	-63.8276215	-59.3472786	-44.7701225
23.0576935	-67.4990997	-69.3091507	-63.7556725	-59.2120781	-44.7157707
23.0993347	-67.4990997	-69.268219	-63.6836472	-59.076561	-44.6565971
23.140976	-67.4990997	-69.226944	-63.6115456	-58.9407272	-44.5927773
23.1826172	-67.4990997	-69.185318	-63.5393715	-58.8045731	-44.5244789
23.2242584	-67.4990997	-69.1433487	-63.4671249	-58.6680946	-44.4518585
23.2658997	-67.4990997	-69.1010361	-63.3948097	-58.5312805	-44.3750801
23.3075409	-67.4990997	-69.0583878	-63.3224258	-58.3941269	-44.2942963
23.3491821	-67.4990997	-69.0153961	-63.2499771	-58.2566261	-44.2096558
23.3908234	-67.4990997	-68.9720688	-63.1774635	-58.118763	-44.1213112
23.4324646	-67.4990997	-68.9284134	-63.1048851	-57.9805222	-44.0293999
23.4741058	-67.4990997	-68.8844299	-63.0322456	-57.8418922	-43.9340591
23.5157471	-67.4990997	-68.8401184	-62.9595413	-57.7028542	-43.8354263
23.5573883	-67.4990997	-68.7954788	-62.886776	-57.5633888	-43.7336349
23.5990295	-67.4990997	-68.7505188	-62.8139496	-57.4234695	-43.6288147
23.6406708	-67.4990997	-68.705246	-62.7410583	-57.2830734	-43.5210953
23.682312	-67.4990997	-68.6596527	-62.6681061	-57.1421776	-43.4105988
23.7239532	-67.4990997	-68.6137466	-62.5950928	-57.0007477	-43.297451
23.7655945	-67.4990997	-68.5675354	-62.5220146	-56.8587532	-43.1817741
23.8072357	-67.4990997	-68.521019	-62.4488716	-56.716156	-43.063694
23.848877	-67.4990997	-68.474205	-62.3756599	-56.5729179	-42.9433289
23.8905182	-67.4990997	-68.4270859	-62.3023796	-56.428997	-42.8208046
23.9321594	-67.4990997	-68.3796768	-62.2290268	-56.2843475	-42.6962471
23.9738007	-67.4990997	-68.3319778	-62.1556015	-56.1389236	-42.5697784
24.0154419	-67.4990997	-68.283989	-62.0820999	-55.9926682	-42.4415283
24.0570831	-67.4990997	-68.2357178	-62.008522	-55.8455238	-42.3116302
24.0987244	-67.4990997	-68.1871719	-61.9348602	-55.6974297	-42.1802139
24.1403656	-67.4990997	-68.1383438	-61.8611107	-55.5483208	-42.0474205
24.1820068	-67.4990997	-68.0892487	-61.7872734	-55.3981247	-41.9133873
24.2236481	-67.4990997	-68.0398865	-61.7133408	-55.2467651	-41.7782669
24.2652893	-67.4990997	-67.9902573	-61.6393089	-55.094162	-41.6422081
24.3069305	-67.4990997	-67.9403687	-61.5651703	-54.9402237	-41.5053711
24.3485718	-67.4990997	-67.8902283	-61.490921	-54.7848549	-41.3679199
24.390213	-67.4990997	-67.8398361	-61.4165535	-54.6279564	-41.2300224
24.4318542	-67.4990997	-67.7891998	-61.3420639	-54.4694176	-41.0918655
24.4734955	-67.4990997	-67.7383194	-61.2674446	-54.3091202	-40.9536285
24.5151367	-67.4990997	-67.6872025	-61.192688	-54.1469345	-40.8155098
24.556778	-67.4990997	-67.635849	-61.1177864	-53.9827271	-40.6777115
24.5984192	-67.4990997	-67.5842743	-61.0427322	-53.8163452	-40.5404434
24.6400604	-67.4990997	-67.5324707	-60.9675179	-53.6476326	-40.403923
24.6817017	-67.4990997	-67.4804459	-60.8921318	-53.4764175	-40.2683792
24.7233429	-67.4990997	-67.4282074	-60.8165627	-53.3025093	-40.1340523
24.7649841	-67.4990997	-67.3757553	-60.7408028	-53.1257095	-40.0011864
24.8066254	-67.4990997	-67.3230972	-60.6648407	-52.945797	-39.8700294
24.8482666	-67.4990997	-67.2702408	-60.588665	-52.7625351	-39.7407341
24.8899078	-67.4990997	-67.217186	-60.5122643	-52.5756645	-39.6137238
24.9315491	-67.4990997	-67.1639404	-60.4356232	-52.3849068	-39.4892578
24.9731903	-67.4990997	-67.1105042	-60.3587303	-52.1899529	-39.3676071
25.0148315	-67.4990997	-67.0568924	-60.2815704	-51.9904633	-39.249054
25.0564728	-67.4990997	-67.0030975	-60.2041283	-51.7860756	-39.1338844
25.098114	-67.4990997	-66.9491272	-60.1263885	-51.5763817	-39.0223923
25.1397552	-67.4990997	-66.894989	-60.048336	-51.3609428	-38.9148636
25.1813965	-67.4990997	-66.8406906	-59.9699478	-51.1392746	-38.8115997
25.2230377	-67.4990997	-66.786232	-59.8912125	-50.9108353	-38.7128944
25.264679	-67.4990997	-66.7316132	-59.8121071	-50.6750374	-38.6190338
25.3063202	-67.4990997	-66.6768417	-59.7326088	-50.431221	-38.5303116
25.3479614	-67.4990997	-66.6219254	-59.6526985	-50.1786575	-38.4470062
25.3896027	-67.4990997	-66.5668716	-59.5723534	-49.9165382	-38.3693924
25.4312439	-67.4990997	-66.5116806	-59.4915504	-49.6439552	-38.2977333
25.4728851	-67.4990997	-66.4563522	-59.4102592	-49.3599052	-38.2322769
25.5145264	-67.4990997	-66.4008942	-59.3284569	-49.0632553	-38.1732597
25.5561676	-67.4990997	-66.345314	-59.2461166	-48.7527351	-38.1209068
25.5978088	-67.4990997	-66.2896194	-59.163208	-48.4269142	-38.0754242
25.6394501	-67.4990997	-66.2338028	-59.0796967	-48.0841789	-38.0369949
25.6810913	-67.4990997	-66.1778793	-58.9955521	-47.722702	-38.0057831
25.7227325	-67.4990997	-66.1218491	-58.9107361	-47.340416	-37.981926
25.7643738	-67.4990997	-66.0657196	-58.8252144	-46.9349594	-37.9655495
25.806015	-67.4990997	-66.009491	-58.738945	-46.5036469	-37.9567413
25.8476562	-67.4990997	-65.9531631	-58.651886	-46.0433998	-37.9555702
25.8892975	-67.4990997	-65.8967514	-58.5639954	-45.5506935	-37.9620781
25.9309387	-67.4990997	-65.8402481	-58.4752235	-45.0214806	-37.9762802
25.97258	-67.4990997	-65.7836685	-58.3855209	-44.4510918	-37.9981575
26.0142212	-67.4990997	-65.727005	-58.2948341	-43.8341484	-38.0276718
26.0558624	-67.4990997	-65.6702728	-58.2031059	-43.1644325	-38.0647507
26.0975037	-67.4990997	-65.613472	-58.1102753	-42.4347458	-38.1092987
26.1391449	-67.4990997	-65.5566025	-58.0162773	-41.6367722	-38.1611977
26.1807861	-67.4990997	-65.4996719	-57.9210472	-40.7608871	-38.2202873
26.2224274	-67.4990997	-65.4426804	-57.8245049	-39.7959976	-38.2864037
26.2640686	-67.4990997	-65.3856277	-57.7265778	-38.7293587	-38.3593407
26.3057098	-67.4990997	-65.3285217	-57.6271782	-37.5464287	-38.4388809
26.3473511	-67.4990997	-65.2713699	-57.5262146	-36.2307739	-38.5247803
26.3889923	-67.4990997	-65.2141724	-57.4235954	-34.7641411	-38.6167755
26.4306335	-67.4990997	-65.156929	-57.3192101	-33.1267242	-38.7145844
26.4722748	-67.4990997	-65.0996475	-57.2129517	-31.2978153	-38.8179054
26.513916	-67.4990997	-65.0423355	-57.1046944	-29.2570648	-38.9264259
26.5555573	-67.4990997	-64.9849854	-56.9943123	-26.9865589	-39.0398216
26.5971985	-67.4990997	-64.9276047	-56.8816605	-24.474081	-39.1577454
26.6388397	-67.4990997	-64.8701935	-56.7665901	-21.7177658	-39.2798538
26.680481	-67.4990997	-64.8127594	-56.6489334	-18.7322502	-39.4057884
26.7221222	-67.4990997	-64.7553024	-56.528511	-15.5558681	-39.5351791
26.7637634	-67.4990997	-64.6978226	-56.4051285	-12.2576275	-39.6676598
26.8054047	-67.4990997	-64.6403275	-56.2785759	-8.94133186	-39.8028526
26.8470459	-67.4990997	-64.5828171	-56.1486206	-5.7433033	-39.9403801
26.8886871	-67.4990997	-64.5252914	-56.015007	-2.82018471	-40.0798683
26.9303284	-67.4990997	-64.4677582	-55.8774605	-0.32648468	-40.2209358
26.9719696	-67.4990997	-64.4102097	-55.7356758	1.61309862	-40.3632164
27.0136108	-67.4990997	-64.3526535	-55.5893211	2.92654991	-40.5063286
27.0552521	-67.4990997	-64.2950974	-55.4380264	3.60326028	-40.6499023
27.0968933	-67.4990997	-64.2375336	-55.2813835	3.68611765	-40.7935829
27.1385345	-67.4990997	-64.1799698	-55.1189461	3.25282598	-40.9370117
27.1801758	-67.4990997	-64.122406	-54.9502144	2.39549923	-41.079834
27.221817	-67.4990997	-64.0648422	-54.7746353	1.20516801	-41.2217102
27.2634583	-67.4990997	-64.0072784	-54.5915871	-0.236937165	-41.3623085
27.3050995	-67.4990997	-63.9497185	-54.4003792	-1.86273479	-41.5013084
27.3467407	-67.4990997	-63.8921623	-54.2002373	-3.61729765	-41.6383972
27.388382	-67.4990997	-63.83461	-53.9902916	-5.45738602	-41.7732773
27.4300232	-67.4990997	-63.7770615	-53.769558	-7.34953785	-41.9056625
27.4716644	-67.4990997	-63.7195206	-53.5369225	-9.26819324	-42.0352783
27.5133057	-67.4990997	-63.6619873	-53.2911186	-11.194026	-42.1618614
27.5549469	-67.4990997	-63.6044579	-53.0307121	-13.1126461	-42.2851639
27.5965881	-67.4990997	-63.546936	-52.7540512	-15.013442	-42.4049568
27.6382294	-67.4990997	-63.4894257	-52.4592438	-16.8888054	-42.521019
27.6798706	-67.4990997	-63.4319229	-52.1441078	-18.7334633	-42.6331482
27.7215118	-67.4990997	-63.3744278	-51.8061104	-20.543972	-42.7411537
27.7631531	-67.4990997	-63.3169403	-51.4423065	-22.3183537	-42.8448677
27.8047943	-67.4990997	-63.2594604	-51.0492516	-24.0558777	-42.9441338
27.8464355	-67.4990997	-63.2019844	-50.6228943	-25.756834	-43.0388069
27.8880768	-67.4990997	-63.144516	-50.1584435	-27.4224186	-43.1287651
27.929718	-67.4990997	-63.0870552	-49.6501999	-29.0546169	-43.2139015
27.9713593	-67.4990997	-63.0295982	-49.0913506	-30.6561031	-43.294117
28.0130005	-67.4990997	-62.9721451	-48.47369	-32.2301788	-43.3693314
28.0546417	-67.4990997	-62.9146957	-47.7872772	-33.7806473	-43.4394836
28.096283	-67.4990997	-62.8572502	-47.0199852	-35.3117256	-43.5045242
28.1379242	-67.4990997	-62.7998047	-46.1569099	-36.8278961	-43.564415
28.1795654	-67.4990997	-62.7423592	-45.1796188	-38.3337631	-43.619133
28.2212067	-67.4990997	-62.6849098	-44.0651474	-39.8338509	-43.6686668
28.2628479	-67.4990997	-62.6274567	-42.7846985	-41.3324089	-43.7130203
28.3044891	-67.4990997	-62.5699959	-41.3019447	-42.8331299	-43.7522125
28.3461304	-67.4990997	-62.5125275	-39.570858	-44.3388252	-43.7862587
28.3877716	-67.4990997	-62.4550514	-37.5329704	-45.8510513	-43.8152008
28.4294128	-67.4990997	-62.3975639	-35.1141281	-47.3696899	-43.8390808
28.4710541	-67.4990997	-62.3400612	-32.2210121	-48.8924408	-43.8579521
28.5126953	-67.4990997	-62.2825394	-28.7383251	-50.4143829	-43.8718796
28.5543365	-67.4990997	-62.2249985	-24.5289192	-51.9275131	-43.880928
28.5959778	-67.4990997	-62.1674347	-19.4416676	-53.4205055	-43.8851776
28.637619	-67.4990997	-62.1098442	-13.3366394	-54.8787041	-43.8847084
28.6792603	-67.4990997	-62.0522232	-6.143713	-56.284584	-43.8796043
28.7209015	-67.4990997	-61.9945717	2.02606392	-57.618679	-43.8699608
28.7625427	-67.4990997	-61.936882	10.7208424	-58.8611145	-43.8558693
28.804184	-67.4990997	-61.8791542	19.0378304	-59.9935303	-43.8374367
28.8458252	-67.4990997	-61.8213806	25.7959766	-61.0011482	-43.8147621
28.8874664	-67.4990997	-61.7635574	30.1245232	-61.8745346	-43.7879448
28.9291077	-67.4990997	-61.7056808	32.0227203	-62.6106606	-43.7570992
28.9707489	-67.4990997	-61.647747	32.1859665	-63.2129517	-43.722332
29.0123901	-67.4990997	-61.5897522	31.3386784	-63.6904068	-43.6837502
29.0540314	-67.4990997	-61.5316887	29.9103832	-64.056015	-43.641468
29.0956726	-67.4990997	-61.4735527	28.1162376	-64.3249283	-43.5955963
29.1373138	-67.4990997	-61.4153404	26.0764084	-64.5127792	-43.5462494
29.1789551	-67.4990997	-61.3570442	23.8685913	-64.6343842	-43.4935417
29.2205963	-67.4990997	-61.2986565	21.5475845	-64.7029724	-43.4375801
29.2622375	-67.4990997	-61.2401733	19.1539173	-64.7297897	-43.3784828
29.3038788	-67.4990997	-61.1815872	16.7183018	-64.7240829	-43.3163605
29.34552	-67.4990997	-61.1228943	14.2642641	-64.6932526	-43.2513275
29.3871613	-67.4990997	-61.0640831	11.8097992	-64.6430893	-43.1834946
29.4288025	-67.4990997	-61.0051498	9.36863518	-64.578064	-43.1129799
29.4704437	-67.4990997	-60.9460831	6.9510994	-64.5015869	-43.0398941
29.512085	-67.4990997	-60.886879	4.56481934	-64.4162521	-42.9643478
29.5537262	-67.4990997	-60.8275261	2.21529961	-64.3240128	-42.8864594
29.5953674	-67.4990997	-60.7680168	-9.37E-002	-64.2263412	-42.8063354
29.6370087	-67.4990997	-60.7083397	-2.35959315	-64.1243439	-42.7240982
29.6786499	-67.4990997	-60.6484871	-4.58107853	-64.0188522	-42.6398582
29.7202911	-67.4990997	-60.5884514	-6.75752878	-63.9104996	-42.5537338
29.7619324	-67.4990997	-60.5282211	-8.88895798	-63.7997742	-42.4658394
29.8035736	-67.4990997	-60.4677811	-10.9759007	-63.6870384	-42.3762932
29.8452148	-67.4990997	-60.4071236	-13.0192747	-63.5725784	-42.2852135
29.8868561	-67.4990997	-60.3462372	-15.0203171	-63.4566193	-42.1927261
29.9284973	-67.4990997	-60.2851105	-16.9805775	-63.3393288	-42.0989494
29.9701385	-67.4990997	-60.2237282	-18.9018707	-63.2208481	-42.0040131
30.0117798	-67.4990997	-60.1620789	-20.7862949	-63.1012878	-41.9080391
30.053421	-67.4990997	-60.1001511	-22.6363163	-62.9807434	-41.8111572
30.0950623	-67.4990997	-60.0379257	-24.4547977	-62.8592834	-41.713501
30.1367035	-67.4990997	-59.9753876	-26.2450447	-62.7369766	-41.6152039
30.1783447	-67.4990997	-59.9125214	-28.0109234	-62.6138763	-41.516407
30.219986	-67.4990997	-59.8493118	-29.7568989	-62.4900284	-41.4172516
30.2616272	-67.4990997	-59.7857399	-31.4880943	-62.3654709	-41.3178787
30.3032684	-67.4990997	-59.7217865	-33.2103004	-62.2402458	-41.2184372
30.3449097	-67.4990997	-59.6574326	-34.9299927	-62.1143875	-41.1190758
30.3865509	-67.4990997	-59.592659	-36.6542778	-61.9879227	-41.0199509
30.4281921	-67.4990997	-59.5274429	-38.3907623	-61.860878	-40.9212151
30.4698334	-67.4990997	-59.4617615	-40.1473961	-61.7332802	-40.8230362
30.5114746	-67.4990997	-59.3955917	-41.9321442	-61.6051521	-40.7255783
30.5531158	-67.4990997	-59.3289108	-43.7525635	-61.4765167	-40.6290016
30.5947571	-67.4990997	-59.2616882	-45.6151314	-61.3473969	-40.5334816
30.6363983	-67.4990997	-59.1939011	-47.5243874	-61.2178078	-40.4391937
30.6780396	-67.4990997	-59.1255188	-49.4817123	-61.0877724	-40.3463097
30.7196808	-67.4990997	-59.0565071	-51.4838371	-60.9573059	-40.2550087
30.761322	-67.4990997	-58.9868355	-53.5210876	-60.8264236	-40.1654701
30.8029633	-67.4990997	-58.9164734	-55.5755768	-60.6951408	-40.0778809
30.8446045	-67.4990997	-58.8453789	-57.6198502	-60.5634689	-39.9924202
30.8862457	-67.4990997	-58.7735176	-59.616581	-60.4314232	-39.9092674
30.927887	-67.4990997	-58.7008476	-61.5202484	-60.2990189	-39.8286095
30.9695282	-67.4990997	-58.627327	-63.2814903	-60.1662598	-39.7506332
31.0111694	-67.4990997	-58.552906	-64.8540344	-60.0331573	-39.675518
31.0528107	-67.4990997	-58.4775391	-66.2028961	-59.8997231	-39.6034431
31.0944519	-67.4990997	-58.4011765	-67.3111572	-59.7659607	-39.534584
31.1360931	-67.4990997	-58.323761	-68.1826248	-59.6318779	-39.4691086
31.1777344	-67.4990997	-58.2452316	-68.8392029	-59.4974785	-39.407196
31.2193756	-67.4990997	-58.1655312	-69.3143082	-59.3627663	-39.3490028
31.2610168	-67.4990997	-58.0845909	-69.6453018	-59.2277412	-39.294693
31.3026581	-67.4990997	-58.0023384	-69.8674316	-59.0924072	-39.2444153
31.3442993	-67.4990997	-57.9186974	-70.0104599	-58.9567604	-39.1983109
31.3859406	-67.4990997	-57.8335876	-70.0976105	-58.8208008	-39.156517
31.4275818	-67.4990997	-57.7469215	-70.1460495	-58.6845207	-39.1191635
31.469223	-67.4990997	-57.6586037	-70.1679764	-58.5479164	-39.0863609
31.5108643	-67.4990997	-57.5685349	-70.1718445	-58.4109802	-39.0582123
31.5525055	-67.4990997	-57.4766045	-70.1633987	-58.2737045	-39.0348129
31.5941467	-67.4990997	-57.3826981	-70.1465149	-58.1360741	-39.016243
31.635788	-67.4990997	-57.2866898	-70.1237869	-57.9980812	-39.0025673
31.6774292	-67.4990997	-57.1884422	-70.0969391	-57.8597069	-38.9938431
31.7190704	-67.4990997	-57.0878105	-70.0671387	-57.7209358	-38.9901085
31.7607117	-67.4990997	-56.9846306	-70.0351562	-57.581749	-38.9913902
31.8023529	-67.4990997	-56.8787308	-70.0015259	-57.4421234	-38.9976959
31.8439941	-67.4990997	-56.7699242	-69.9665909	-57.3020363	-39.0090256
31.8856354	-67.4990997	-56.6580048	-69.930603	-57.1614609	-39.0253601
31.9272766	-67.4990997	-56.5427513	-69.8937225	-57.0203667	-39.0466614
31.9689178	-67.4990997	-56.4239197	-69.8560638	-56.8787231	-39.0728798
32.0105591	-67.4990997	-56.301239	-69.8177109	-56.736496	-39.1039505
32.0522003	-67.4990997	-56.1744194	-69.778717	-56.593647	-39.1397972
32.0938416	-67.4990997	-56.0431366	-69.7391281	-56.4501343	-39.1803246
32.1354828	-67.4990997	-55.9070358	-69.698967	-56.3059158	-39.2254219
32.177124	-67.4990997	-55.765728	-69.6582642	-56.1609421	-39.274971
32.2187653	-67.4990997	-55.6187782	-69.6170273	-56.0151634	-39.3288383
32.2604065	-67.4990997	-55.4657059	-69.5752716	-55.8685226	-39.386879
32.3020477	-67.4990997	-55.3059807	-69.5330048	-55.7209587	-39.448925
32.343689	-67.4990997	-55.1390076	-69.4902267	-55.5724068	-39.5148125
32.3853302	-67.4990997	-54.9641228	-69.4469528	-55.422802	-39.584362
32.4269714	-67.4990997	-54.7805824	-69.403183	-55.2720642	-39.6573792
32.4686127	-67.4990997	-54.5875511	-69.3589249	-55.1201172	-39.7336693
32.5102539	-67.4990997	-54.3840828	-69.3141785	-54.9668732	-39.8130188
32.5518951	-67.4990997	-54.169117	-69.2689438	-54.8122406	-39.8952179
32.5935364	-67.4990997	-53.9414406	-69.2232208	-54.6561203	-39.9800453
32.6351776	-67.4990997	-53.6996803	-69.1770172	-54.4984055	-40.0672798
32.6768188	-67.4990997	-53.4422569	-69.1303329	-54.3389816	-40.1566849
32.7184601	-67.4990997	-53.167366	-69.0831757	-54.1777229	-40.2480278
32.7601013	-67.4990997	-52.872921	-69.0355377	-54.0144997	-40.3410759
32.8017426	-67.4990997	-52.5565071	-68.9874268	-53.8491669	-40.4355927
32.8433838	-67.4990997	-52.2153168	-68.9388428	-53.6815681	-40.5313301
32.885025	-67.4990997	-51.8460617	-68.8897934	-53.5115356	-40.6280518
32.9266663	-67.4990997	-51.4448814	-68.840271	-53.3388939	-40.7255173
32.9683075	-67.4990997	-51.0072098	-68.7902832	-53.1634445	-40.8234901
33.0099487	-67.4990997	-50.5276108	-68.7398376	-52.9849739	-40.9217339
33.05159	-67.4990997	-49.9995842	-68.6889267	-52.8032532	-41.0200119
33.0932312	-67.4990997	-49.4152946	-68.637558	-52.6180305	-41.1180992
33.1348724	-67.4990997	-48.7652359	-68.5857391	-52.429039	-41.2157707
33.1765137	-67.4990997	-48.0377922	-68.5334625	-52.2359772	-41.3128014
33.2181549	-67.4990997	-47.2186584	-68.4807358	-52.0385246	-41.4089737
33.2597961	-67.4990997	-46.290081	-68.4275665	-51.8363304	-41.5040855
33.3014374	-67.4990997	-45.229847	-68.3739548	-51.6290016	-41.5979233
33.3430786	-67.4990997	-44.0099449	-68.3199005	-51.4161186	-41.6902962
33.3847198	-67.4990997	-42.5947838	-68.2654114	-51.1972122	-41.7810135
33.4263611	-67.4990997	-40.9388199	-68.2104874	-50.9717674	-41.8698921
33.4680023	-67.4990997	-38.9834709	-68.1551361	-50.739212	-41.9567604
33.5096436	-67.4990997	-36.6531754	-68.0993576	-50.4989243	-42.0414467
33.5512848	-67.4990997	-33.8506355	-68.0431595	-50.250206	-42.1237984
33.592926	-67.4990997	-30.4518127	-67.9865417	-49.9922791	-42.2036667
33.6345673	-67.4990997	-26.3023224	-67.929512	-49.7242851	-42.2809105
33.6762085	-67.4990997	-21.2195816	-67.8720703	-49.4452629	-42.3554001
33.7178497	-67.4990997	-15.0104885	-67.8142242	-49.1541328	-42.4270134
33.759491	-67.4990997	-7.52412987	-67.7559814	-48.8496933	-42.4956436
33.8011322	-67.4990997	1.22886562	-67.6973495	-48.5305824	-42.5611877
33.8427734	-67.4990997	10.8669004	-67.6383209	-48.1952744	-42.6235466
33.8844147	-67.4990997	20.4133682	-67.5789108	-47.8420372	-42.6826439
33.9260559	-67.4990997	28.3722706	-67.5191193	-47.4689102	-42.7384071
33.9676971	-67.4990997	33.4713707	-67.4589539	-47.0736732	-42.7907677
34.0093384	-67.4990997	35.6209526	-67.3984222	-46.6537857	-42.8396683
34.0509796	-67.4990997	35.7925453	-67.3375244	-46.206356	-42.885067
34.0926208	-67.4990997	34.9446831	-67.276268	-45.7280693	-42.9269218
34.1342621	-67.4990997	33.5486412	-67.2146606	-45.2151184	-42.9652061
34.1759033	-67.4990997	31.803421	-67.1527023	-44.6631355	-42.9999008
34.2175446	-67.4990997	29.8171654	-67.0904083	-44.0670738	-43.0309906
34.2591858	-67.4990997	27.6603813	-67.027771	-43.4211159	-43.0584679
34.300827	-67.4990997	25.3835335	-66.9648056	-42.7185402	-43.0823364
34.3424683	-67.4990997	23.0247269	-66.9015198	-41.9515724	-43.1026039
34.3841095	-67.4990997	20.6135597	-66.8379135	-41.1112251	-43.1192856
34.4257507	-67.4990997	18.1733284	-66.7739944	-40.1871338	-43.1324081
34.467392	-67.4990997	15.7223768	-66.7097702	-39.1673737	-43.1419945
34.5090332	-67.4990997	13.275176	-66.6452408	-38.0383072	-43.1480789
34.5506744	-67.4990997	10.8429794	-66.5804214	-36.7844772	-43.1506996
34.5923157	-67.4990997	8.43445396	-66.5153122	-35.3885956	-43.1498985
34.6339569	-67.4990997	6.05613995	-66.4499207	-33.8317108	-43.1457253
34.6755981	-67.4990997	3.71286058	-66.3842468	-32.0936928	-43.1382332
34.7172394	-67.4990997	1.40801859	-66.318306	-30.1542034	-43.1274796
34.7588806	-67.4990997	-0.8561306	-66.2521057	-27.9943695	-43.1135178
34.8005219	-67.4990997	-3.07821441	-66.1856461	-25.5994797	-43.0964165
34.8421631	-67.4990997	-5.25760889	-66.1189346	-22.9629574	-43.0762444
34.8838043	-67.4990997	-7.39428329	-66.0519791	-20.0917873	-43.0530663
34.9254456	-67.4990997	-9.48862457	-65.9847794	-17.0132141	-43.0269547
34.9670868	-67.4990997	-11.5414314	-65.9173508	-13.7818623	-42.997982
35.008728	-67.4990997	-13.5537748	-65.8496933	-10.4852886	-42.9662247
35.0503693	-67.4990997	-15.5270185	-65.7818146	-7.24487829	-42.9317665
35.0920105	-67.4990997	-17.4627724	-65.7137222	-4.20835781	-42.8946838
35.1336517	-67.4990997	-19.3628979	-65.6454239	-1.53194976	-42.8550568
35.175293	-67.4990997	-21.2295704	-65.5769272	0.645373344	-42.812973
35.2169342	-67.4990997	-23.0653267	-65.5082321	2.22757721	-42.7685127
35.2585754	-67.4990997	-24.8731194	-65.4393463	3.17701697	-42.7217674
35.3002167	-67.4990997	-26.6563854	-65.3702774	3.51378608	-42.6728249
35.3418579	-67.4990997	-28.419178	-65.3010254	3.30121732	-42.6217728
35.3834991	-67.4990997	-30.1661625	-65.2316055	2.6257453	-42.5686989
35.4251404	-67.4990997	-31.9027309	-65.1620178	1.57908726	-42.5136948
35.4667816	-67.4990997	-33.6349945	-65.0922699	0.24663353	-42.4568558
35.5084229	-67.4990997	-35.3698196	-65.0223618	-1.29807007	-42.3982773
35.5500641	-67.4990997	-37.1147346	-64.952301	-2.99464345	-42.338047
35.5917053	-67.4990997	-38.8778191	-64.8820953	-4.79502153	-42.276268
35.6333466	-67.4990997	-40.667511	-64.8117523	-6.66167021	-42.2130356
35.6749878	-67.4990997	-42.4922333	-64.741272	-8.56571484	-42.1484451
35.716629	-67.4990997	-44.3599014	-64.6706619	-10.485219	-42.0826035
35.7582703	-67.4990997	-46.2771416	-64.5999222	-12.4037037	-42.0156097
35.7999115	-67.4990997	-48.2482338	-64.5290604	-14.3089514	-41.9475632
35.8415527	-67.4990997	-50.2736969	-64.4580841	-16.1920853	-41.8785706
35.883194	-67.4990997	-52.3484726	-64.3869934	-18.0468178	-41.8087425
35.9248352	-67.4990997	-54.4598656	-64.3157959	-19.8689175	-41.7381821
35.9664764	-67.4990997	-56.5855217	-64.2444992	-21.6557884	-41.666996
36.0081177	-67.4990997	-58.6920509	-64.1731033	-23.4061584	-41.5952988
36.0497589	-67.4990997	-60.7351952	-64.1016083	-25.1198845	-41.5231972
36.0914001	-67.4990997	-62.6626244	-64.0300217	-26.7977734	-41.4508057
36.1330414	-67.4990997	-64.4200439	-63.9583473	-28.4414787	-41.3782425
36.1746826	-67.4990997	-65.9600372	-63.8865852	-30.0533867	-41.3056221
36.2163239	-67.4990997	-67.2514114	-63.814743	-31.636549	-41.2330666
36.2579651	-67.4990997	-68.2854996	-63.7428207	-33.1945572	-41.1606865
36.2996063	-67.4990997	-69.0765533	-63.6708221	-34.7314835	-41.0886078
36.3412476	-67.4990997	-69.6561661	-63.5987473	-36.2516861	-41.0169525
36.3828888	-67.4990997	-70.0645294	-63.5265999	-37.7597313	-40.9458466
36.42453	-67.4990997	-70.3421936	-63.4543839	-39.2601852	-40.8754158
36.4661713	-67.4990997	-70.5246658	-63.3820992	-40.7574234	-40.8057823
36.5078125	-67.4990997	-70.6401978	-63.3097496	-42.2553673	-40.7370682
36.5494537	-67.4990997	-70.7098007	-63.2373352	-43.7571983	-40.6694031
36.591095	-67.4990997	-70.7483902	-63.164856	-45.2649994	-40.6029167
36.6327362	-67.4990997	-70.7661972	-63.0923157	-46.7793503	-40.5377312
36.6743774	-67.4990997	-70.7701187	-63.0197144	-48.2988548	-40.4739761
36.7160187	-67.4990997	-70.7647324	-62.947052	-49.8196754	-40.4117737
36.7576599	-67.4990997	-70.7530594	-62.8743286	-51.3350639	-40.3512535
36.7993011	-67.4990997	-70.7370834	-62.8015442	-52.8350449	-40.2925377
36.8409424	-67.4990997	-70.7181015	-62.7286987	-54.3062973	-40.2357521
36.8825836	-67.4990997	-70.6969833	-62.6557922	-55.7324028	-40.181015
36.9242249	-67.4990997	-70.6743011	-62.5828247	-57.0945892	-40.1284485
36.9658661	-67.4990997	-70.6504288	-62.5097923	-58.3730278	-40.078167
37.0075073	-67.4990997	-70.625618	-62.4366989	-59.5486221	-40.0302773
37.0491486	-67.4990997	-70.6000519	-62.3635406	-60.6050301	-39.9848976
37.0907898	-67.4990997	-70.5738373	-62.2903137	-61.5306053	-39.942131
37.132431	-67.4990997	-70.5470657	-62.2170181	-62.3197479	-39.9020729
37.1740723	-67.4990997	-70.519783	-62.1436501	-62.973381	-39.86483
37.2157135	-67.4990997	-70.4920349	-62.0702057	-63.4984169	-39.8304863
37.2573547	-67.4990997	-70.4638443	-61.996685	-63.9064102	-39.7991333
37.298996	-67.4990997	-70.4352341	-61.9230804	-64.211792	-39.7708435
37.3406372	-67.4990997	-70.4062119	-61.8493919	-64.4301071	-39.745697
37.3822784	-67.4990997	-70.3767929	-61.7756157	-64.5765457	-39.7237511
37.4239197	-67.4990997	-70.3469849	-61.7017441	-64.6649857	-39.7050705
37.4655609	-67.4990997	-70.3167953	-61.6277733	-64.7074356	-39.6897087
37.5072021	-67.4990997	-70.2862244	-61.5536995	-64.7139053	-39.6777039
37.5488434	-67.4990997	-70.2552719	-61.4795189	-64.6924896	-39.6690941
37.5904846	-67.4990997	-70.2239456	-61.40522	-64.6495743	-39.6639023
37.6321259	-67.4990997	-70.1922379	-61.3307991	-64.590126	-39.6621437
37.6737671	-67.4990997	-70.1601639	-61.2562523	-64.517952	-39.6638298
37.7154083	-67.4990997	-70.1277161	-61.1815681	-64.4359512	-39.6689644
37.7570496	-67.4990997	-70.0948944	-61.1067429	-64.3463058	-39.6775322
37.7986908	-67.4990997	-70.0616989	-61.031765	-64.2506638	-39.6895218
37.840332	-67.4990997	-70.0281296	-60.9566269	-64.1502686	-39.7049026
37.8819733	-67.4990997	-69.994194	-60.8813171	-64.0460663	-39.7236404
37.9236145	-67.4990997	-69.9598846	-60.8058281	-63.9387665	-39.7456856
37.9652557	-67.4990997	-69.925209	-60.7301483	-63.8289032	-39.7709808
38.006897	-67.4990997	-69.8901596	-60.6542702	-63.7168884	-39.799469
38.0485382	-67.4990997	-69.854744	-60.5781784	-63.6030388	-39.8310738
38.0901794	-67.4990997	-69.8189621	-60.5018616	-63.4876022	-39.865715
38.1318207	-67.4990997	-69.782814	-60.4253082	-63.3707695	-39.9033051
38.1734619	-67.4990997	-69.7462997	-60.3485031	-63.2526932	-39.9437485
38.2151031	-67.4990997	-69.7094193	-60.271431	-63.1334953	-39.9869423
38.2567444	-67.4990997	-69.6721725	-60.1940804	-63.0132713	-40.0327759
38.2983856	-67.4990997	-69.6345596	-60.1164322	-62.8921089	-40.081131
38.3400269	-67.4990997	-69.5965805	-60.0384712	-62.7700729	-40.1318893
38.3816681	-67.4990997	-69.5582428	-59.9601822	-62.6472244	-40.1849098
38.4233093	-67.4990997	-69.5195465	-59.8815422	-62.523613	-40.2400627
38.4649506	-67.4990997	-69.4804916	-59.802536	-62.3992805	-40.2972107
38.5065918	-67.4990997	-69.4410782	-59.7231407	-62.2742653	-40.3562088
38.548233	-67.4990997	-69.4013062	-59.6433334	-62.1486015	-40.4169121
38.5898743	-67.4990997	-69.3611755	-59.5630951	-62.0223236	-40.4791679
38.6315155	-67.4990997	-69.320694	-59.482399	-61.8954582	-40.54282
38.6731567	-67.4990997	-69.2798615	-59.4012222	-61.7680321	-40.6077194
38.714798	-67.4990997	-69.2386856	-59.3195343	-61.6400681	-40.6737022
38.7564392	-67.4990997	-69.1971588	-59.2373085	-61.5115929	-40.7406158
38.7980804	-67.4990997	-69.1552887	-59.1545181	-61.3826256	-40.8082962
38.8397217	-67.4990997	-69.1130753	-59.0711288	-61.2531853	-40.8765831
38.8813629	-67.4990997	-69.0705185	-58.9871063	-61.123291	-40.9453201
38.9230042	-67.4990997	-69.027626	-58.90242	-60.9929619	-41.0143471
38.9646454	-67.4990997	-68.9843979	-58.817028	-60.8622131	-41.0835037
39.0062866	-67.4990997	-68.940834	-58.7308922	-60.73106	-41.1526337
39.0479279	-67.4990997	-68.8969421	-58.6439705	-60.599514	-41.2215881
39.0895691	-67.4990997	-68.8527222	-58.556221	-60.4675941	-41.2902107
39.1312103	-67.4990997	-68.8081818	-58.4675941	-60.3353081	-41.3583603
39.1728516	-67.4990997	-68.7633133	-58.3780403	-60.2026672	-41.4258842
39.2144928	-67.4990997	-68.718132	-58.2875061	-60.0696831	-41.4926414
39.256134	-67.4990997	-68.6726303	-58.1959381	-59.9363632	-41.5584946
39.2977753	-67.4990997	-68.6268158	-58.1032715	-59.8027153	-41.6233101
39.3394165	-67.4990997	-68.5806961	-58.0094452	-59.6687469	-41.6869583
39.3810577	-67.4990997	-68.5342712	-57.9143867	-59.534462	-41.7493172
39.422699	-67.4990997	-68.4875412	-57.8180275	-59.3998604	-41.8102608
39.4643402	-67.4990997	-68.4405136	-57.7202873	-59.2649498	-41.8696823
39.5059814	-67.4990997	-68.3931885	-57.6210823	-59.1297302	-41.9274712
39.5476227	-67.4990997	-68.3455734	-57.5203247	-58.9941978	-41.9835167
39.5892639	-67.4990997	-68.2976685	-57.4179153	-58.8583565	-42.0377274
39.6309052	-67.4990997	-68.2494812	-57.3137512	-58.7221985	-42.0900078
39.6725464	-67.4990997	-68.2010117	-57.2077179	-58.5857162	-42.1402779
39.7141876	-67.4990997	-68.1522675	-57.0997009	-58.4489059	-42.1884537
39.7558289	-67.4990997	-68.1032486	-56.9895668	-58.3117599	-42.2344666
39.7974701	-67.4990997	-68.0539627	-56.8771782	-58.1742668	-42.2782402
39.8391113	-67.4990997	-68.0044174	-56.7623787	-58.0364151	-42.3197174
39.8807526	-67.4990997	-67.9546127	-56.6450081	-57.8981895	-42.3588409
39.9223938	-67.4990997	-67.9045486	-56.5248871	-57.7595749	-42.395565
39.964035	-67.4990997	-67.8542328	-56.401825	-57.6205482	-42.4298401
40.0056763	-67.4990997	-67.8036728	-56.2756081	-57.4810944	-42.461628
40.0473175	-67.4990997	-67.7528687	-56.1460075	-57.3411865	-42.4909019
40.0889587	-67.4990997	-67.7018204	-56.0127716	-57.2008018	-42.5176353
40.1306	-67.4990997	-67.6505432	-55.8756256	-57.0599098	-42.5418015
40.1722412	-67.4990997	-67.5990295	-55.7342682	-56.9184799	-42.563385
40.2138824	-67.4990997	-67.5472946	-55.5883675	-56.7764778	-42.5823822
40.2555237	-67.4990997	-67.4953384	-55.4375572	-56.6338654	-42.5987854
40.2971649	-67.4990997	-67.4431686	-55.2814331	-56.4906082	-42.6125908
40.3388062	-67.4990997	-67.3907852	-55.1195526	-56.3466568	-42.623806
40.3804474	-67.4990997	-67.3381958	-54.9514198	-56.2019691	-42.6324425
40.4220886	-67.4990997	-67.2854004	-54.7764854	-56.0564919	-42.6385078
40.4637299	-67.4990997	-67.2324066	-54.5941391	-55.9101753	-42.642025
40.5053711	-67.4990997	-67.1792221	-54.4036903	-55.7629547	-42.6430092
40.5470123	-67.4990997	-67.1258469	-54.2043762	-55.6147728	-42.6414948
40.5886536	-67.4990997	-67.0722885	-53.9953308	-55.4655571	-42.6375046
40.6302948	-67.4990997	-67.0185471	-53.7755814	-55.315239	-42.631073
40.671936	-67.4990997	-66.9646301	-53.5440292	-55.1637344	-42.622242
40.7135773	-67.4990997	-66.9105453	-53.2994194	-55.0109634	-42.611042
40.7552185	-67.4990997	-66.8562927	-53.0403328	-54.8568382	-42.5975227
40.7968597	-67.4990997	-66.8018799	-52.7651367	-54.7012558	-42.5817261
40.838501	-67.4990997	-66.7473145	-52.471962	-54.544117	-42.5637016
40.8801422	-67.4990997	-66.6925964	-52.1586494	-54.3853073	-42.5434952
40.9217834	-67.4990997	-66.6377335	-51.8227043	-54.2247086	-42.5211639
40.9634247	-67.4990997	-66.5827255	-51.461216	-54.0621872	-42.4967651
41.0050659	-67.4990997	-66.5275803	-51.0707893	-53.8976059	-42.4703522
41.0467072	-67.4990997	-66.4722977	-50.6474266	-53.7308159	-42.4419861
41.0883484	-67.4990997	-66.4168854	-50.1864052	-53.5616493	-42.4117279
41.1299896	-67.4990997	-66.361351	-49.6821175	-53.3899345	-42.3796387
41.1716309	-67.4990997	-66.3056946	-49.1278534	-53.215477	-42.345787
41.2132721	-67.4990997	-66.2499237	-48.5155411	-53.0380707	-42.3102379
41.2549133	-67.4990997	-66.1940384	-47.8354073	-52.8574944	-42.273056
41.2965546	-67.4990997	-66.1380463	-47.0755386	-52.6735039	-42.2343216
41.3381958	-67.4990997	-66.081955	-46.2213058	-52.485836	-42.1940994
41.379837	-67.4990997	-66.0257645	-45.2546234	-52.2942047	-42.152462
41.4214783	-67.4990997	-65.9694748	-44.1529808	-52.0982933	-42.1094894
41.4631195	-67.4990997	-65.9130936	-42.8881683	-51.8977623	-42.0652466
41.5047607	-67.4990997	-65.8566284	-41.4246292	-51.6922302	-42.0198174
41.546402	-67.4990997	-65.8000793	-39.7173233	-51.4812927	-41.973278
41.5880432	-67.4990997	-65.743454	-37.7090721	-51.264492	-41.9257088
41.6296844	-67.4990997	-65.6867523	-35.3273468	-51.0413322	-41.8771896
41.6713257	-67.4990997	-65.629982	-32.4808121	-50.811264	-41.8278008
41.7129669	-67.4990997	-65.573143	-29.0564404	-50.5736771	-41.7776299
41.7546082	-67.4990997	-65.5162354	-24.9192638	-50.3279037	-41.7267532
41.7962494	-67.4990997	-65.4592667	-19.9193192	-50.0731964	-41.6752625
41.8378906	-67.4990997	-65.4022446	-13.914773	-49.8087234	-41.6232376
41.8795319	-67.4990997	-65.3451691	-6.82664442	-49.5335579	-41.5707741
41.9211731	-67.4990997	-65.2880478	1.25545263	-49.2466621	-41.517952
41.9628143	-67.4990997	-65.2308731	9.91698647	-48.9468803	-41.4648628
42.0044556	-67.4990997	-65.1736603	18.2974052	-48.6329079	-41.4115982
42.0460968	-67.4990997	-65.1164017	25.2271404	-48.3032761	-41.3582458
42.087738	-67.4990997	-65.0591125	29.7826653	-47.9563255	-41.3048973
42.1293793	-67.4990997	-65.0017853	31.8776665	-47.5901833	-41.2516441
42.1710205	-67.4990997	-64.9444275	32.1664505	-47.2027168	-41.1985779
42.2126617	-67.4990997	-64.8870392	31.3895073	-46.7915039	-41.1457939
42.254303	-67.4990997	-64.829628	30.002573	-46.3537788	-41.09338
42.2959442	-67.4990997	-64.7721939	28.2348156	-45.8863792	-41.0414352
42.3375854	-67.4990997	-64.7147369	26.2123985	-45.3856773	-40.9900513
42.3792267	-67.4990997	-64.6572647	24.015976	-44.8475037	-40.9393158
42.4208679	-67.4990997	-64.5997772	21.7020836	-44.2670631	-40.889328
42.4625092	-67.4990997	-64.5422745	19.3124084	-43.6388168	-40.8401794
42.5041504	-67.4990997	-64.4847565	16.8784637	-42.9563713	-40.7919579
42.5457916	-67.4990997	-64.4272308	14.4243536	-42.2123299	-40.7447624
42.5874329	-67.4990997	-64.3696976	11.9685411	-41.3981552	-40.6986771
42.6290741	-67.4990997	-64.3121567	9.52510643	-40.5039787	-40.6537971
42.6707153	-67.4990997	-64.2546158	7.10462761	-39.5184441	-40.6102066
42.7123566	-67.4990997	-64.1970673	4.71496391	-38.4285393	-40.5679932
42.7539978	-67.4990997	-64.1395187	2.36176944	-37.2194557	-40.5272408
42.795639	-67.4990997	-64.0819702	4.90E-002	-35.8745575	-40.4880295
42.8372803	-67.4990997	-64.0244293	-2.22085309	-34.3754692	-40.4504433
42.8789215	-67.4990997	-63.9668884	-4.44623566	-32.702446	-40.4145584
42.9205627	-67.4990997	-63.9093513	-6.62652683	-30.8351383	-40.3804512
42.962204	-67.4990997	-63.8518181	-8.76169205	-28.7540112	-40.3481979
43.0038452	-67.4990997	-63.7942924	-10.8522453	-26.4426517	-40.3178596
43.0454865	-67.4990997	-63.7367706	-12.8990765	-23.8912697	-40.2895088
43.0871277	-67.4990997	-63.6792564	-14.903429	-21.1016102	-40.2632065
43.1287689	-67.4990997	-63.6217499	-16.8668156	-18.0932541	-40.2390099
43.1704102	-67.4990997	-63.5642509	-18.7910309	-14.9107046	-40.2169724
43.2120514	-67.4990997	-63.5067596	-20.6781693	-11.6297407	-40.1971436
43.2536926	-67.4990997	-63.4492798	-22.5306854	-8.36028194	-40.1795692
43.2953339	-67.4990997	-63.3918076	-24.3513947	-5.24212074	-40.1642914
43.3369751	-67.4990997	-63.334343	-26.1436024	-2.43069029	-40.1513443
43.3786163	-67.4990997	-63.276886	-27.9111328	-7.35E-002	-40.1407585
43.4202576	-67.4990997	-63.2194366	-29.6584129	1.71666515	-40.1325531
43.4618988	-67.4990997	-63.1619949	-31.3905315	2.88144922	-40.1267548
43.50354	-67.4990997	-63.1045609	-33.1132431	3.42213368	-40.1233749
43.5451813	-67.4990997	-63.0471306	-34.8329926	3.38911653	-40.1224174
43.5868225	-67.4990997	-62.9897079	-36.5568504	2.86283875	-40.1238861
43.6284637	-67.4990997	-62.9322891	-38.2924042	1.93457866	-40.1277809
43.670105	-67.4990997	-62.8748741	-40.0475769	0.692581296	-40.1340904
43.7117462	-67.4990997	-62.8174591	-41.8303604	-0.785368562	-40.1427994
43.7533875	-67.4990997	-62.7600441	-43.6483231	-2.43447065	-40.1538849
43.7950287	-67.4990997	-62.7026291	-45.5080376	-4.20264435	-40.1673164
43.8366699	-67.4990997	-62.6452103	-47.4141769	-6.04895782	-40.1830673
43.8783112	-67.4990997	-62.5877876	-49.3683395	-7.94178677	-40.2010956
43.9199524	-67.4990997	-62.5303574	-51.3675728	-9.85699081	-40.2213554
43.9615936	-67.4990997	-62.4729195	-53.4026146	-11.7763596	-40.2438011
44.0032349	-67.4990997	-62.4154701	-55.4561195	-13.6863308	-40.2683754
44.0448761	-67.4990997	-62.3580093	-57.5012321	-15.5769615	-40.2950172
44.0865173	-67.4990997	-62.3005333	-59.5012054	-17.4411411	-40.3236618
44.1281586	-67.4990997	-62.2430382	-61.4109573	-19.2739887	-40.3542366
44.1697998	-67.4990997	-62.1855202	-63.1812325	-21.0723648	-40.3866653
44.211441	-67.4990997	-62.1279793	-64.7654114	-22.8345718	-40.4208717
44.2530823	-67.4990997	-62.0704117	-66.1276703	-24.5601006	-40.4567757
44.2947235	-67.4990997	-62.0128098	-67.249939	-26.2494507	-40.4942856
44.3363647	-67.4990997	-61.9551735	-68.1348114	-27.9040051	-40.5333099
44.378006	-67.4990997	-61.8974991	-68.8032455	-29.5259037	-40.5737572
44.4196472	-67.4990997	-61.8397827	-69.288147	-31.1179829	-40.6155243
44.4612885	-67.4990997	-61.7820206	-69.6267929	-32.68367	-40.6585197
44.5029297	-67.4990997	-61.7242088	-69.8546371	-34.2268639	-40.7026367
44.5445709	-67.4990997	-61.6663437	-70.0017853	-35.7518539	-40.7477722
44.5862122	-67.4990997	-61.6084175	-70.091835	-37.2631569	-40.7938232
44.6278534	-67.4990997	-61.5504265	-70.1422882	-38.7653542	-40.8406792
44.6694946	-67.4990997	-61.4923668	-70.165596	-40.2629051	-40.8882332
44.7111359	-67.4990997	-61.4342308	-70.1704102	-41.759903	-40.9363747
44.7527771	-67.4990997	-61.3760147	-70.1626129	-43.259819	-40.9850006
44.7944183	-67.4990997	-61.3177109	-70.1461716	-44.7651367	-41.0339928
44.8360596	-67.4990997	-61.2593117	-70.1237488	-46.2769775	-41.0832443
44.8777008	-67.4990997	-61.2008133	-70.0971146	-47.794651	-41.1326485
44.919342	-67.4990997	-61.1422119	-70.0674591	-49.3151817	-41.1820946
44.9609833	-67.4990997	-61.0834961	-70.0355835	-50.83284	-41.2314758
45.0026245	-67.4990997	-61.024662	-70.0020294	-52.3387566	-41.2806892
45.0442657	-67.4990997	-60.9656982	-69.9671555	-53.820713	-41.329628
45.085907	-67.4990997	-60.906601	-69.9312057	-55.263279	-41.3781929
45.1275482	-67.4990997	-60.8473587	-69.8943558	-56.648365	-41.426281
45.1691895	-67.4990997	-60.7879639	-69.8567276	-57.9563408	-41.4737892
45.2108307	-67.4990997	-60.7284088	-69.8183975	-59.1676598	-41.5206299
45.2524719	-67.4990997	-60.6686821	-69.7794266	-60.2648582	-41.5667076
45.2941132	-67.4990997	-60.6087761	-69.7398529	-61.2345581	-41.6119347
45.3357544	-67.4990997	-60.5486794	-69.699707	-62.0690536	-41.6562157
45.3773956	-67.4990997	-60.4883804	-69.6590195	-62.7671127	-41.6994743
45.4190369	-67.4990997	-60.4278717	-69.6177979	-63.3337555	-41.7416306
45.4606781	-67.4990997	-60.3671379	-69.5760498	-63.7791672	-41.7826042
45.5023193	-67.4990997	-60.3061714	-69.5337906	-64.117012	-41.8223267
45.5439606	-67.4990997	-60.244957	-69.4910278	-64.3626175	-41.8607254
45.5856018	-67.4990997	-60.1834793	-69.4477692	-64.5314255	-41.8977356
45.627243	-67.4990997	-60.121727	-69.4040146	-64.6378098	-41.9333
45.6688843	-67.4990997	-60.0596848	-69.3597641	-64.6944199	-41.9673576
45.7105255	-67.4990997	-59.9973412	-69.3150253	-64.7119446	-41.9998512
45.7521667	-67.4990997	-59.9346771	-69.2697983	-64.6990814	-42.0307388
45.793808	-67.4990997	-59.8716774	-69.2240906	-64.6627579	-42.059967
45.8354492	-67.4990997	-59.8083229	-69.1778946	-64.6083755	-42.0874977
45.8770905	-67.4990997	-59.7445984	-69.131218	-64.5401077	-42.1132965
45.9187317	-67.4990997	-59.680481	-69.0840683	-64.4611206	-42.1373253
45.9603729	-67.4990997	-59.6159554	-69.036438	-64.3738251	-42.1595612
46.0020142	-67.4990997	-59.5509949	-68.9883347	-64.2800293	-42.1799736
46.0436554	-67.4990997	-59.4855843	-68.9397659	-64.1811066	-42.1985435
46.0852966	-67.4990997	-59.4196968	-68.8907242	-64.0780792	-42.2152519
46.1269379	-67.4990997	-59.3533058	-68.8412094	-63.9717369	-42.2300873
46.1685791	-67.4990997	-59.2863884	-68.7912292	-63.8626709	-42.2430382
46.2102203	-67.4990997	-59.2189178	-68.7407913	-63.7513237	-42.2541008
46.2518616	-67.4990997	-59.1508675	-68.689888	-63.6380463	-42.2632713
46.2935028	-67.4990997	-59.0822067	-68.6385269	-63.5231018	-42.2705498
46.335144	-67.4990997	-59.0129013	-68.5867157	-63.4067039	-42.2759361
46.3767853	-67.4990997	-58.9429207	-68.5344467	-63.2890167	-42.2794456
46.4184265	-67.4990997	-58.8722267	-68.4817276	-63.170166	-42.281086
46.4600677	-67.4990997	-58.8007851	-68.428566	-63.0502625	-42.2808723
46.501709	-67.4990997	-58.7285538	-68.3749619	-62.9293938	-42.27882
46.5433502	-67.4990997	-58.6554909	-68.3209152	-62.8076324	-42.2749443
46.5849915	-67.4990997	-58.5815544	-68.2664337	-62.6850395	-42.2692757
46.6266327	-67.4990997	-58.5066948	-68.2115173	-62.5616646	-42.2618332
46.6682739	-67.4990997	-58.4308624	-68.1561737	-62.4375572	-42.2526474
46.7099152	-67.4990997	-58.3540039	-68.1004028	-62.3127556	-42.2417488
46.7515564	-67.4990997	-58.276062	-68.0442123	-62.187294	-42.2291718
46.7931976	-67.4990997	-58.1969795	-67.9876022	-62.0612068	-42.2149467
46.8348389	-67.4990997	-58.1166878	-67.9305801	-61.9345245	-42.1991158
46.8764801	-67.4990997	-58.0351219	-67.8731537	-61.8072739	-42.1817131
46.9181213	-67.4990997	-57.9522057	-67.8153229	-61.6794777	-42.1627846
46.9597626	-67.4990997	-57.8678589	-67.7570877	-61.5511627	-42.1423721
47.0014038	-67.4990997	-57.7819977	-67.6984558	-61.422348	-42.1205215
47.043045	-67.4990997	-57.6945343	-67.6394424	-61.2930527	-42.0972748
47.0846863	-67.4990997	-57.6053696	-67.58004	-61.1632996	-42.0726852
47.1263275	-67.4990997	-57.5143967	-67.520256	-61.0331078	-42.0468025
47.1679688	-67.4990997	-57.421505	-67.4600983	-60.9024887	-42.0196762
47.20961	-67.4990997	-57.3265724	-67.3995743	-60.7714615	-41.9913635
47.2512512	-67.4990997	-57.2294693	-67.3386841	-60.6400375	-41.9619141
47.2928925	-67.4990997	-57.1300507	-67.2774353	-60.5082359	-41.9313889
47.3345337	-67.4990997	-57.0281677	-67.2158356	-60.3760643	-41.8998413
47.3761749	-67.4990997	-56.9236488	-67.1538849	-60.2435379	-41.8673325
47.4178162	-67.4990997	-56.8163185	-67.0915909	-60.1106644	-41.8339195
47.4594574	-67.4990997	-56.7059746	-67.0289612	-59.9774513	-41.7996635
47.5010986	-67.4990997	-56.5924072	-66.9660034	-59.8439064	-41.7646255
47.5427399	-67.4990997	-56.4753799	-66.9027176	-59.710041	-41.7288742
47.5843811	-67.4990997	-56.3546371	-66.839119	-59.5758553	-41.6924667
47.6260223	-67.4990997	-56.2299004	-66.7752075	-59.4413567	-41.6554718
47.6676636	-67.4990997	-56.1008606	-66.7109833	-59.3065453	-41.6179504
47.7093048	-67.4990997	-55.9671783	-66.6464615	-59.1714249	-41.5799751
47.750946	-67.4990997	-55.8284836	-66.5816422	-59.0359955	-41.5416069
47.7925873	-67.4990997	-55.6843643	-66.5165405	-58.9002533	-41.5029182
47.8342285	-67.4990997	-55.534359	-66.4511566	-58.7641983	-41.463974
47.8758698	-67.4990997	-55.3779678	-66.3854904	-58.6278229	-41.4248428
47.917511	-67.4990997	-55.2146225	-66.3195572	-58.4911232	-41.3855972
47.9591522	-67.4990997	-55.0436974	-66.2533569	-58.3540916	-41.346302
48.0007935	-67.4990997	-54.8644867	-66.1869049	-58.2167168	-41.3070335
48.0424347	-67.4990997	-54.6762009	-66.1202011	-58.0789833	-41.2678528
48.0840759	-67.4990997	-54.477951	-66.0532532	-57.9408836	-41.2288322
48.1257172	-67.4990997	-54.268734	-65.9860611	-57.8023987	-41.1900444
48.1673584	-67.4990997	-54.0474129	-65.9186401	-57.6635094	-41.1515617
48.2089996	-67.4990997	-53.8126945	-65.8509903	-57.5242004	-41.1134491
48.2506409	-67.4990997	-53.5631065	-65.7831192	-57.3844452	-41.075779
48.2922821	-67.4990997	-53.2969589	-65.7150345	-57.2442207	-41.03862
48.3339233	-67.4990997	-53.0123024	-65.6467438	-57.1034966	-41.002037
48.3755646	-67.4990997	-52.7068939	-65.5782471	-56.9622459	-40.9661026
48.4172058	-67.4990997	-52.3781242	-65.5095596	-56.8204346	-40.9308853
48.458847	-67.4990997	-52.0229492	-65.4406815	-56.6780281	-40.89645
48.5004883	-67.4990997	-51.6377983	-65.3716125	-56.5349884	-40.8628578
48.5421295	-67.4990997	-51.2184677	-65.3023682	-56.3912697	-40.8301773
48.5837708	-67.4990997	-50.7599678	-65.2329483	-56.24683	-40.7984695
48.625412	-67.4990997	-50.2563438	-65.1633606	-56.1016197	-40.7677994
48.6670532	-67.4990997	-49.7004433	-65.0936127	-55.9555817	-40.738224
48.7086945	-67.4990997	-49.0836258	-65.0237122	-55.8086624	-40.7097969
48.7503357	-67.4990997	-48.395359	-64.9536591	-55.6608009	-40.682579
48.7919769	-67.4990997	-47.6227341	-64.883461	-55.5119324	-40.6566238
48.8336182	-67.4990997	-46.7497787	-64.813118	-55.3619804	-40.6319847
48.8752594	-67.4990997	-45.7565994	-64.7426453	-55.2108727	-40.6087074
48.9169006	-67.4990997	-44.6182022	-64.6720352	-55.0585251	-40.5868416
48.9585419	-67.4990997	-43.3029442	-64.6013031	-54.90485	-40.566433
49.0001831	-67.4990997	-41.7704773	-64.5304489	-54.7497559	-40.5475197
49.0418243	-67.4990997	-39.9690208	-64.4594803	-54.5931358	-40.5301437
49.0834656	-67.4990997	-37.8318481	-64.3883972	-54.4348831	-40.5143394
49.1251068	-67.4990997	-35.2729301	-64.3172073	-54.2748795	-40.5001335
49.166748	-67.4990997	-32.1819267	-64.2459106	-54.1129951	-40.4875641
49.2083893	-67.4990997	-28.4195938	-64.1745148	-53.9490967	-40.4766502
49.2500305	-67.4990997	-23.8163719	-64.1030273	-53.7830353	-40.4674187
49.2916718	-67.4990997	-18.1807995	-64.0314484	-53.6146545	-40.4598846
49.333313	-67.4990997	-11.3319473	-63.9597778	-53.4437828	-40.4540634
49.3749542	-67.4990997	-3.18179607	-63.8880196	-53.2702293	-40.4499664
49.4165955	-67.4990997	6.09953022	-63.8161812	-53.0937996	-40.4476051
49.4582367	-67.4990997	15.8456135	-63.7442627	-52.9142723	-40.4469757
49.4998779	-67.4990997	24.7686691	-63.6722679	-52.731411	-40.448082
49.5415192	-67.4990997	31.3572311	-63.6001968	-52.54496	-40.4509201
49.5831604	-67.4990997	34.8674927	-63.5280533	-52.354641	-40.4554825
49.6248016	-67.4990997	35.8604813	-63.4558411	-52.1601448	-40.4617538
49.6664429	-67.4990997	35.4231377	-63.3835602	-51.9611397	-40.4697189
49.7080841	-67.4990997	34.2592278	-63.3112144	-51.7572594	-40.4793587
49.7497253	-67.4990997	32.666748	-63.2388039	-51.5481071	-40.4906425
49.7913666	-67.4990997	30.7868156	-63.1663322	-51.3332443	-40.5035477
49.8330078	-67.4990997	28.705143	-63.0937958	-51.1121864	-40.5180435
49.874649	-67.4990997	26.4806614	-63.0211983	-50.8844032	-40.5340919
49.9162903	-67.4990997	24.1569214	-62.9485397	-50.6493034	-40.5516586
49.9579315	-67.4990997	21.7673302	-62.8758202	-50.4062386	-40.570694

