   2.99999993E-02   5.29324822E-02  0.596120775      0.317676932    
   7.16416687E-02   5.29324822E-02  0.596120775      0.317676932    
  0.113283336       5.29638864E-02  0.596115887      0.317679107    
  0.154925004       5.30206636E-02  0.596106172      0.317683369    
  0.196566671       5.30979633E-02  0.596091747      0.317689717    
  0.238208339       5.31918779E-02  0.596072733      0.317698091    
  0.279850006       5.32992631E-02  0.596049130      0.317708462    
  0.321491659       5.34175895E-02  0.596020997      0.317720830    
  0.363133311       5.35448194E-02  0.595988393      0.317735136    
  0.404774964       5.36793098E-02  0.595951378      0.317751378    
  0.446416616       5.38197309E-02  0.595909953      0.317769498    
  0.488058269       5.39650172E-02  0.595864177      0.317789525    
  0.529699922       5.41143045E-02  0.595814049      0.317811400    
  0.571341574       5.42668961E-02  0.595759630      0.317835122    
  0.612983227       5.44222333E-02  0.595700920      0.317860693    
  0.654624879       5.45798577E-02  0.595637918      0.317888081    
  0.696266532       5.47394045E-02  0.595570683      0.317917258    
  0.737908185       5.49005717E-02  0.595499277      0.317948222    
  0.779549837       5.50631210E-02  0.595423639      0.317980975    
  0.821191490       5.52268587E-02  0.595343828      0.318015486    
  0.862833142       5.53916246E-02  0.595259905      0.318051755    
  0.904474795       5.55572920E-02  0.595171869      0.318089753    
  0.946116447       5.57237528E-02  0.595079720      0.318129480    
  0.987758100       5.58909252E-02  0.594983459      0.318170905    
   1.02939975       5.60587347E-02  0.594883144      0.318214029    
   1.07104146       5.62271252E-02  0.594778776      0.318258822    
   1.11268318       5.63960485E-02  0.594670355      0.318305284    
   1.15432489       5.65654673E-02  0.594557941      0.318353415    
   1.19596660       5.67353480E-02  0.594441533      0.318403184    
   1.23760831       5.69056645E-02  0.594321132      0.318454593    
   1.27925003       5.70763946E-02  0.594196796      0.318507612    
   1.32089174       5.72475158E-02  0.594068527      0.318562239    
   1.36253345       5.74190170E-02  0.593936324      0.318618476    
   1.40417516       5.75908795E-02  0.593800247      0.318676293    
   1.44581687       5.77630922E-02  0.593660295      0.318735689    
   1.48745859       5.79356439E-02  0.593516469      0.318796635    
   1.52910030       5.81085235E-02  0.593368828      0.318859130    
   1.57074201       5.82817271E-02  0.593217313      0.318923146    
   1.61238372       5.84552437E-02  0.593062043      0.318988681    
   1.65402544       5.86290658E-02  0.592902958      0.319055736    
   1.69566715       5.88031895E-02  0.592740119      0.319124281    
   1.73730886       5.89776039E-02  0.592573524      0.319194317    
   1.77895057       5.91523089E-02  0.592403233      0.319265842    
   1.82059228       5.93272969E-02  0.592229187      0.319338828    
   1.86223400       5.95025606E-02  0.592051506      0.319413245    
   1.90387571       5.96780963E-02  0.591870129      0.319489092    
   1.94551742       5.98539002E-02  0.591685116      0.319566369    
   1.98715913       6.00299649E-02  0.591496468      0.319645077    
   2.02880073       6.02062903E-02  0.591304183      0.319725186    
   2.07044244       6.03828691E-02  0.591108322      0.319806665    
   2.11208415       6.05596974E-02  0.590908885      0.319889545    
   2.15372586       6.07367717E-02  0.590705872      0.319973767    
   2.19536757       6.09140843E-02  0.590499341      0.320059359    
   2.23700929       6.10916317E-02  0.590289295      0.320146292    
   2.27865100       6.12694100E-02  0.590075731      0.320234537    
   2.32029271       6.14474192E-02  0.589858711      0.320324123    
   2.36193442       6.16256483E-02  0.589638233      0.320415020    
   2.40357614       6.18040971E-02  0.589414299      0.320507199    
   2.44521785       6.19827621E-02  0.589186966      0.320600659    
   2.48685956       6.21616393E-02  0.588956237      0.320695400    
   2.52850127       6.23407215E-02  0.588722110      0.320791394    
   2.57014298       6.25200048E-02  0.588484645      0.320888638    
   2.61178470       6.26994893E-02  0.588243842      0.320987105    
   2.65342641       6.28791675E-02  0.587999701      0.321086824    
   2.69506812       6.30590394E-02  0.587752283      0.321187735    
   2.73670983       6.32390976E-02  0.587501585      0.321289867    
   2.77835155       6.34193346E-02  0.587247610      0.321393192    
   2.81999326       6.35997504E-02  0.586990416      0.321497679    
   2.86163497       6.37803376E-02  0.586730003      0.321603328    
   2.90327668       6.39610961E-02  0.586466372      0.321710140    
   2.94491839       6.41420260E-02  0.586199522      0.321818113    
   2.98656011       6.43231124E-02  0.585929513      0.321927220    
   3.02820182       6.45043552E-02  0.585656404      0.322037429    
   3.06984353       6.46857545E-02  0.585380137      0.322148770    
   3.11148524       6.48673028E-02  0.585100770      0.322261214    
   3.15312696       6.50489926E-02  0.584818304      0.322374731    
   3.19476867       6.52308315E-02  0.584532797      0.322489321    
   3.23641038       6.54128045E-02  0.584244251      0.322604984    
   3.27805209       6.55949116E-02  0.583952665      0.322721690    
   3.31969380       6.57771453E-02  0.583658099      0.322839469    
   3.36133552       6.59595057E-02  0.583360493      0.322958261    
   3.40297723       6.61419854E-02  0.583059967      0.323078096    
   3.44461894       6.63245842E-02  0.582756460      0.323198944    
   3.48626065       6.65072873E-02  0.582450032      0.323320776    
   3.52790236       6.66901022E-02  0.582140684      0.323443592    
   3.56954408       6.68730214E-02  0.581828475      0.323567390    
   3.61118579       6.70560375E-02  0.581513405      0.323692173    
   3.65282750       6.72391430E-02  0.581195474      0.323817909    
   3.69446921       6.74223453E-02  0.580874681      0.323944598    
   3.73611093       6.76056296E-02  0.580551088      0.324072212    
   3.77775264       6.77889958E-02  0.580224693      0.324200749    
   3.81939435       6.79724365E-02  0.579895556      0.324330211    
   3.86103606       6.81559518E-02  0.579563677      0.324460566    
   3.90267777       6.83395341E-02  0.579229057      0.324591815    
   3.94431949       6.85231760E-02  0.578891754      0.324723959    
   3.98596120       6.87068775E-02  0.578551710      0.324856967    
   4.02760267       6.88906312E-02  0.578209043      0.324990839    
   4.06924438       6.90744296E-02  0.577863693      0.325125575    
   4.11088610       6.92582726E-02  0.577515721      0.325261146    
   4.15252781       6.94421530E-02  0.577165127      0.325397551    
   4.19416952       6.96260631E-02  0.576811969      0.325534761    
   4.23581123       6.98100030E-02  0.576456249      0.325672776    
   4.27745295       6.99939653E-02  0.576097965      0.325811595    
   4.31909466       7.01779500E-02  0.575737119      0.325951219    
   4.36073637       7.03619421E-02  0.575373769      0.326091617    
   4.40237808       7.05459416E-02  0.575007975      0.326232791    
   4.44401979       7.07299411E-02  0.574639678      0.326374710    
   4.48566151       7.09139332E-02  0.574268937      0.326517373    
   4.52730322       7.10979179E-02  0.573895752      0.326660782    
   4.56894493       7.12818876E-02  0.573520184      0.326804906    
   4.61058664       7.14658350E-02  0.573142231      0.326949745    
   4.65222836       7.16497526E-02  0.572761893      0.327095300    
   4.69387007       7.18336329E-02  0.572379231      0.327241570    
   4.73551178       7.20174760E-02  0.571994245      0.327388525    
   4.77715349       7.22012743E-02  0.571606934      0.327536136    
   4.81879520       7.23850206E-02  0.571217358      0.327684432    
   4.86043692       7.25687072E-02  0.570825517      0.327833384    
   4.90207863       7.27523267E-02  0.570431411      0.327982962    
   4.94372034       7.29358718E-02  0.570035100      0.328133196    
   4.98536205       7.31193423E-02  0.569636583      0.328284055    
   5.02700377       7.33027235E-02  0.569235861      0.328435540    
   5.06864548       7.34860078E-02  0.568832994      0.328587621    
   5.11028719       7.36691877E-02  0.568427980      0.328740299    
   5.15192890       7.38522634E-02  0.568020880      0.328893572    
   5.19357061       7.40352273E-02  0.567611635      0.329047412    
   5.23521233       7.42180645E-02  0.567200363      0.329201818    
   5.27685404       7.44007677E-02  0.566787004      0.329356790    
   5.31849575       7.45833293E-02  0.566371620      0.329512298    
   5.36013746       7.47657418E-02  0.565954208      0.329668343    
   5.40177917       7.49479979E-02  0.565534830      0.329824924    
   5.44342089       7.51300901E-02  0.565113485      0.329982013    
   5.48506260       7.53120109E-02  0.564690173      0.330139607    
   5.52670431       7.54937455E-02  0.564264953      0.330297709    
   5.56834602       7.56752864E-02  0.563837826      0.330456287    
   5.60998774       7.58566260E-02  0.563408792      0.330615342    
   5.65162945       7.60377496E-02  0.562977910      0.330774873    
   5.69327116       7.62186497E-02  0.562545240      0.330934852    
   5.73491287       7.63993189E-02  0.562110722      0.331095278    
   5.77655458       7.65797421E-02  0.561674416      0.331256151    
   5.81819630       7.67599121E-02  0.561236322      0.331417441    
   5.85983801       7.69398212E-02  0.560796499      0.331579149    
   5.90147972       7.71194547E-02  0.560354948      0.331741244    
   5.94312143       7.72987977E-02  0.559911728      0.331903756    
   5.98476315       7.74778426E-02  0.559466839      0.332066655    
   6.02640486       7.76565745E-02  0.559020281      0.332229912    
   6.06804657       7.78349787E-02  0.558572114      0.332393527    
   6.10968828       7.80130476E-02  0.558122337      0.332557499    
   6.15132999       7.81907663E-02  0.557670951      0.332721829    
   6.19297171       7.83681273E-02  0.557218015      0.332886487    
   6.23461342       7.85451084E-02  0.556763589      0.333051473    
   6.27625513       7.87216946E-02  0.556307614      0.333216757    
   6.31789684       7.88978785E-02  0.555850208      0.333382338    
   6.35953856       7.90736377E-02  0.555391312      0.333548218    
   6.40118027       7.92489573E-02  0.554930985      0.333714396    
   6.44282198       7.94238299E-02  0.554469287      0.333880842    
   6.48446369       7.95982331E-02  0.554006159      0.334047526    
   6.52610540       7.97721446E-02  0.553541720      0.334214479    
   6.56774712       7.99455568E-02  0.553075910      0.334381670    
   6.60938883       8.01184475E-02  0.552608848      0.334549069    
   6.65103054       8.02908018E-02  0.552140474      0.334716678    
   6.69267225       8.04625973E-02  0.551670849      0.334884495    
   6.73431396       8.06338191E-02  0.551200032      0.335052520    
   6.77595568       8.08044448E-02  0.550728023      0.335220724    
   6.81759739       8.09744522E-02  0.550254822      0.335389078    
   6.85923910       8.11438262E-02  0.549780488      0.335557610    
   6.90088081       8.13125372E-02  0.549305081      0.335726291    
   6.94252253       8.14805701E-02  0.548828602      0.335895091    
   6.98416424       8.16478953E-02  0.548351049      0.336064011    
   7.02580595       8.18144977E-02  0.547872484      0.336233050    
   7.06744766       8.19803476E-02  0.547392964      0.336402178    
   7.10908937       8.21454227E-02  0.546912432      0.336571395    
   7.15073109       8.23097005E-02  0.546431005      0.336740702    
   7.19237280       8.24731514E-02  0.545948684      0.336910069    
   7.23401451       8.26357454E-02  0.545465469      0.337079465    
   7.27565622       8.27974603E-02  0.544981480      0.337248892    
   7.31729794       8.29582661E-02  0.544496655      0.337418348    
   7.35893965       8.31181332E-02  0.544011056      0.337587804    
   7.40058136       8.32770318E-02  0.543524742      0.337757260    
   7.44222307       8.34349319E-02  0.543037713      0.337926716    
   7.48386478       8.35917965E-02  0.542550027      0.338096142    
   7.52550650       8.37476030E-02  0.542061746      0.338265508    
   7.56714821       8.39023069E-02  0.541572869      0.338434815    
   7.60878992       8.40558782E-02  0.541083455      0.338604033    
   7.65043163       8.42082873E-02  0.540593505      0.338773161    
   7.69207335       8.43594894E-02  0.540103078      0.338942200    
   7.73371506       8.45094547E-02  0.539612234      0.339111120    
   7.77535677       8.46581385E-02  0.539120972      0.339279890    
   7.81699848       8.48054960E-02  0.538629353      0.339448512    
   7.85864019       8.49514976E-02  0.538137376      0.339616984    
   7.90028191       8.50960910E-02  0.537645161      0.339785278    
   7.94192362       8.52392390E-02  0.537152708      0.339953363    
   7.98356533       8.53808969E-02  0.536660016      0.340121239    
   8.02520657       8.55210200E-02  0.536167204      0.340288877    
   8.06684780       8.56595561E-02  0.535674274      0.340456277    
   8.10848904       8.57964605E-02  0.535181284      0.340623409    
   8.15013027       8.59316736E-02  0.534688294      0.340790242    
   8.19177151       8.60651582E-02  0.534195304      0.340956777    
   8.23341274       8.61968547E-02  0.533702433      0.341122985    
   8.27505398       8.63267109E-02  0.533209682      0.341288865    
   8.31669521       8.64546746E-02  0.532717109      0.341454387    
   8.35833645       8.65806788E-02  0.532224774      0.341619521    
   8.39997768       8.67046714E-02  0.531732678      0.341784269    
   8.44161892       8.68265927E-02  0.531240940      0.341948599    
   8.48326015       8.69463831E-02  0.530749559      0.342112482    
   8.52490139       8.70639756E-02  0.530258656      0.342275918    
   8.56654263       8.71793032E-02  0.529768229      0.342438847    
   8.60818386       8.72922987E-02  0.529278338      0.342601299    
   8.64982510       8.74028951E-02  0.528789103      0.342763215    
   8.69146633       8.75110254E-02  0.528300524      0.342924565    
   8.73310757       8.76166150E-02  0.527812660      0.343085349    
   8.77474880       8.77195895E-02  0.527325571      0.343245536    
   8.81639004       8.78198743E-02  0.526839375      0.343405098    
   8.85803127       8.79173875E-02  0.526354074      0.343564034    
   8.89967251       8.80120546E-02  0.525869787      0.343722284    
   8.94131374       8.81037861E-02  0.525386572      0.343879849    
   8.98295498       8.81925076E-02  0.524904430      0.344036669    
   9.02459621       8.82781297E-02  0.524423540      0.344192743    
   9.06623745       8.83605704E-02  0.523943901      0.344348043    
   9.10787868       8.84397328E-02  0.523465574      0.344502538    
   9.14951992       8.85155275E-02  0.522988677      0.344656199    
   9.19116116       8.85878652E-02  0.522513270      0.344808996    
   9.23280239       8.86566415E-02  0.522039413      0.344960898    
   9.27444363       8.87217671E-02  0.521567225      0.345111847    
   9.31608486       8.87831450E-02  0.521096766      0.345261842    
   9.35772610       8.88406709E-02  0.520628154      0.345410854    
   9.39936733       8.88942406E-02  0.520161450      0.345558852    
   9.44100857       8.89437497E-02  0.519696712      0.345705777    
   9.48264980       8.89890864E-02  0.519234061      0.345851630    
   9.52429104       8.90301466E-02  0.518773556      0.345996350    
   9.56593227       8.90668258E-02  0.518315315      0.346139908    
   9.60757351       8.90989974E-02  0.517859399      0.346282274    
   9.64921474       8.91265571E-02  0.517405987      0.346423388    
   9.69085598       8.91493931E-02  0.516955078      0.346563250    
   9.73249722       8.91673788E-02  0.516506851      0.346701801    
   9.77413845       8.91804025E-02  0.516061366      0.346839011    
   9.81577969       8.91883373E-02  0.515618742      0.346974820    
   9.85742092       8.91910642E-02  0.515179038      0.347109199    
   9.89906216       8.91884565E-02  0.514742434      0.347242117    
   9.94070339       8.91803950E-02  0.514308989      0.347373515    
   9.98234463       8.91667604E-02  0.513878822      0.347503364    
   10.0239859       8.91474187E-02  0.513452053      0.347631603    
   10.0656271       8.91222432E-02  0.513028800      0.347758204    
   10.1072683       8.90911147E-02  0.512609184      0.347883105    
   10.1489096       8.90538990E-02  0.512193263      0.348006278    
   10.1905508       8.90104771E-02  0.511781216      0.348127663    
   10.2321920       8.89607146E-02  0.511373162      0.348247230    
   10.2738333       8.89044851E-02  0.510969222      0.348364919    
   10.3154745       8.88416618E-02  0.510569572      0.348480701    
   10.3571157       8.87721181E-02  0.510174274      0.348594487    
   10.3987570       8.86957347E-02  0.509783447      0.348706245    
   10.4403982       8.86123851E-02  0.509397268      0.348815948    
   10.4820395       8.85219425E-02  0.509015858      0.348923534    
   10.5236807       8.84242952E-02  0.508639336      0.349028945    
   10.5653219       8.83193240E-02  0.508267879      0.349132121    
   10.6069632       8.82069096E-02  0.507901609      0.349233001    
   10.6486044       8.80869478E-02  0.507540643      0.349331558    
   10.6902456       8.79593194E-02  0.507185102      0.349427730    
   10.7318869       8.78239274E-02  0.506835163      0.349521458    
   10.7735281       8.76806676E-02  0.506490946      0.349612713    
   10.8151693       8.75294358E-02  0.506152630      0.349701405    
   10.8568106       8.73701572E-02  0.505820334      0.349787503    
   10.8984518       8.72027278E-02  0.505494177      0.349870950    
   10.9400930       8.70270729E-02  0.505174339      0.349951684    
   10.9817343       8.68431181E-02  0.504860997      0.350029647    
   11.0233755       8.66507888E-02  0.504554272      0.350104779    
   11.0650167       8.64500254E-02  0.504254282      0.350177050    
   11.1066580       8.62407759E-02  0.503961146      0.350246370    
   11.1482992       8.60229954E-02  0.503675103      0.350312710    
   11.1899405       8.57966393E-02  0.503396213      0.350376010    
   11.2315817       8.55616853E-02  0.503124654      0.350436211    
   11.2732229       8.53181034E-02  0.502860606      0.350493282    
   11.3148642       8.50658938E-02  0.502604187      0.350547135    
   11.3565054       8.48050490E-02  0.502355516      0.350597739    
   11.3981466       8.45355764E-02  0.502114773      0.350645036    
   11.4397879       8.42574984E-02  0.501882076      0.350688994    
   11.4814291       8.39708447E-02  0.501657546      0.350729555    
   11.5230703       8.36756602E-02  0.501441300      0.350766659    
   11.5647116       8.33719969E-02  0.501233518      0.350800246    
   11.6063528       8.30599219E-02  0.501034319      0.350830287    
   11.6479940       8.27395171E-02  0.500843823      0.350856751    
   11.6896353       8.24108720E-02  0.500662148      0.350879580    
   11.7312765       8.20740908E-02  0.500489473      0.350898743    
   11.7729177       8.17292929E-02  0.500325859      0.350914180    
   11.8145590       8.13766047E-02  0.500171423      0.350925863    
   11.8562002       8.10161680E-02  0.500026286      0.350933760    
   11.8978415       8.06481391E-02  0.499890566      0.350937814    
   11.9394827       8.02726969E-02  0.499764353      0.350937992    
   11.9811239       7.98900127E-02  0.499647766      0.350934297    
   12.0227652       7.95002878E-02  0.499540865      0.350926667    
   12.0644064       7.91037232E-02  0.499443769      0.350915104    
   12.1060476       7.87005424E-02  0.499356538      0.350899547    
   12.1476889       7.82909840E-02  0.499279261      0.350879997    
   12.1893301       7.78752789E-02  0.499212027      0.350856423    
   12.2309713       7.74536952E-02  0.499154896      0.350828826    
   12.2726126       7.70265013E-02  0.499107897      0.350797176    
   12.3142538       7.65939653E-02  0.499071121      0.350761473    
   12.3558950       7.61563703E-02  0.499044597      0.350721687    
   12.3975363       7.57140219E-02  0.499028385      0.350677848    
   12.4391775       7.52672255E-02  0.499022514      0.350629926    
   12.4808187       7.48162866E-02  0.499027014      0.350577921    
   12.5224600       7.43615329E-02  0.499041915      0.350521833    
   12.5641012       7.39032850E-02  0.499067247      0.350461662    
   12.6057425       7.34418780E-02  0.499102980      0.350397408    
   12.6473837       7.29776472E-02  0.499149144      0.350329101    
   12.6890249       7.25109354E-02  0.499205738      0.350256771    
   12.7306662       7.20420852E-02  0.499272764      0.350180387    
   12.7723074       7.15714395E-02  0.499350190      0.350100011    
   12.8139486       7.10993484E-02  0.499437988      0.350015640    
   12.8555899       7.06261620E-02  0.499536127      0.349927306    
   12.8972311       7.01522306E-02  0.499644578      0.349835038    
   12.9388723       6.96778893E-02  0.499763280      0.349738866    
   12.9805136       6.92034885E-02  0.499892205      0.349638820    
   13.0221548       6.87293783E-02  0.500031292      0.349534929    
   13.0637960       6.82558864E-02  0.500180483      0.349427223    
   13.1054373       6.77833408E-02  0.500339687      0.349315763    
   13.1470785       6.73120692E-02  0.500508845      0.349200577    
   13.1887197       6.68423995E-02  0.500687897      0.349081725    
   13.2303610       6.63746446E-02  0.500876725      0.348959237    
   13.2720022       6.59091100E-02  0.501075268      0.348833174    
   13.3136435       6.54460862E-02  0.501283407      0.348703593    
   13.3552847       6.49858713E-02  0.501501083      0.348570526    
   13.3969259       6.45287409E-02  0.501728117      0.348434061    
   13.4385672       6.40749633E-02  0.501964450      0.348294228    
   13.4802084       6.36247993E-02  0.502209902      0.348151088    
   13.5218496       6.31785020E-02  0.502464414      0.348004729    
   13.5634909       6.27363101E-02  0.502727807      0.347855181    
   13.6051321       6.22984432E-02  0.503000021      0.347702503    
   13.6467733       6.18651249E-02  0.503280878      0.347546786    
   13.6884146       6.14365563E-02  0.503570259      0.347388089    
   13.7300558       6.10129312E-02  0.503867984      0.347226471    
   13.7716970       6.05944283E-02  0.504173934      0.347062021    
   13.8133383       6.01812154E-02  0.504487932      0.346894771    
   13.8549795       5.97734563E-02  0.504809856      0.346724838    
   13.8966208       5.93712926E-02  0.505139589      0.346552253    
   13.9382620       5.89748584E-02  0.505476892      0.346377105    
   13.9799032       5.85842803E-02  0.505821705      0.346199453    
   14.0215445       5.81996702E-02  0.506173790      0.346019387    
   14.0631857       5.78211248E-02  0.506533027      0.345836967    
   14.1048269       5.74487373E-02  0.506899238      0.345652282    
   14.1464682       5.70825897E-02  0.507272243      0.345465392    
   14.1881094       5.67227490E-02  0.507651865      0.345276386    
   14.2297506       5.63692749E-02  0.508037984      0.345085323    
   14.2713919       5.60222156E-02  0.508430421      0.344892293    
   14.3130331       5.56816198E-02  0.508828938      0.344697356    
   14.3546743       5.53475171E-02  0.509233475      0.344500571    
   14.3963156       5.50199263E-02  0.509643793      0.344302028    
   14.4379568       5.46988696E-02  0.510059714      0.344101816    
   14.4795980       5.43843545E-02  0.510481119      0.343899995    
   14.5212393       5.40763773E-02  0.510907829      0.343696624    
   14.5628805       5.37749380E-02  0.511339664      0.343491793    
   14.6045218       5.34800217E-02  0.511776447      0.343285561    
   14.6461630       5.31916060E-02  0.512217999      0.343077987    
   14.6878042       5.29096723E-02  0.512664139      0.342869163    
   14.7294455       5.26341870E-02  0.513114750      0.342659175    
   14.7710867       5.23651205E-02  0.513569653      0.342448056    
   14.8127279       5.21024242E-02  0.514028668      0.342235893    
   14.8543692       5.18460609E-02  0.514491618      0.342022747    
   14.8960104       5.15959822E-02  0.514958382      0.341808677    
   14.9376516       5.13521321E-02  0.515428782      0.341593772    
   14.9792929       5.11144586E-02  0.515902638      0.341378093    
   15.0209341       5.08829020E-02  0.516379833      0.341161698    
   15.0625753       5.06574027E-02  0.516860187      0.340944648    
   15.1042166       5.04378974E-02  0.517343521      0.340727001    
   15.1458578       5.02243154E-02  0.517829716      0.340508819    
   15.1874990       5.00165932E-02  0.518318594      0.340290189    
   15.2291403       4.98146564E-02  0.518810034      0.340071142    
   15.2707815       4.96184379E-02  0.519303858      0.339851737    
   15.3124228       4.94278595E-02  0.519799888      0.339632064    
   15.3540640       4.92428504E-02  0.520298064      0.339412153    
   15.3957052       4.90633361E-02  0.520798147      0.339192063    
   15.4373465       4.88892384E-02  0.521300077      0.338971853    
   15.4789877       4.87204827E-02  0.521803677      0.338751554    
   15.5206289       4.85569872E-02  0.522308826      0.338531256    
   15.5622702       4.83986810E-02  0.522815347      0.338310987    
   15.6039114       4.82454821E-02  0.523323178      0.338090807    
   15.6455526       4.80973162E-02  0.523832142      0.337870777    
   15.6871939       4.79541011E-02  0.524342120      0.337650955    
   15.7288351       4.78157625E-02  0.524852931      0.337431371    
   15.7704763       4.76822220E-02  0.525364518      0.337212056    
   15.8121176       4.75534014E-02  0.525876760      0.336993068    
   15.8537588       4.74292263E-02  0.526389480      0.336774468    
   15.8954000       4.73096184E-02  0.526902616      0.336556286    
   15.9370413       4.71945070E-02  0.527415991      0.336338580    
   15.9786825       4.70838137E-02  0.527929544      0.336121380    
   16.0203247       4.69774604E-02  0.528443158      0.335904747    
   16.0619659       4.68753800E-02  0.528956711      0.335688710    
   16.1036072       4.67774980E-02  0.529470086      0.335473299    
   16.1452484       4.66837399E-02  0.529983163      0.335258573    
   16.1868896       4.65940386E-02  0.530495882      0.335044563    
   16.2285309       4.65083234E-02  0.531008124      0.334831297    
   16.2701721       4.64265235E-02  0.531519771      0.334618807    
   16.3118134       4.63485718E-02  0.532030702      0.334407151    
   16.3534546       4.62744012E-02  0.532540858      0.334196359    
   16.3950958       4.62039411E-02  0.533050120      0.333986431    
   16.4367371       4.61371318E-02  0.533558428      0.333777457    
   16.4783783       4.60739098E-02  0.534065664      0.333569437    
   16.5200195       4.60142083E-02  0.534571767      0.333362401    
   16.5616608       4.59579676E-02  0.535076618      0.333156377    
   16.6033020       4.59051244E-02  0.535580158      0.332951397    
   16.6449432       4.58556227E-02  0.536082268      0.332747519    
   16.6865845       4.58093993E-02  0.536582887      0.332544744    
   16.7282257       4.57663983E-02  0.537081957      0.332343102    
   16.7698669       4.57265601E-02  0.537579358      0.332142621    
   16.8115082       4.56898324E-02  0.538075030      0.331943333    
   16.8531494       4.56561595E-02  0.538568914      0.331745267    
   16.8947906       4.56254855E-02  0.539060891      0.331548423    
   16.9364319       4.55977544E-02  0.539550960      0.331352860    
   16.9780731       4.55729216E-02  0.540039003      0.331158578    
   17.0197144       4.55509312E-02  0.540524960      0.330965608    
   17.0613556       4.55317348E-02  0.541008770      0.330773979    
   17.1029968       4.55152839E-02  0.541490376      0.330583692    
   17.1446381       4.55015302E-02  0.541969717      0.330394775    
   17.1862793       4.54904251E-02  0.542446733      0.330207258    
   17.2279205       4.54819202E-02  0.542921305      0.330021173    
   17.2695618       4.54759747E-02  0.543393433      0.329836518    
   17.3112030       4.54725437E-02  0.543863058      0.329653323    
   17.3528442       4.54715826E-02  0.544330120      0.329471588    
   17.3944855       4.54730466E-02  0.544794559      0.329291344    
   17.4361267       4.54768948E-02  0.545256317      0.329112619    
   17.4777679       4.54830900E-02  0.545715332      0.328935415    
   17.5194092       4.54915836E-02  0.546171546      0.328759760    
   17.5610504       4.55023460E-02  0.546624959      0.328585654    
   17.6026917       4.55153286E-02  0.547075510      0.328413099    
   17.6443329       4.55305018E-02  0.547523141      0.328242123    
   17.6859741       4.55478244E-02  0.547967792      0.328072757    
   17.7276154       4.55672592E-02  0.548409402      0.327904999    
   17.7692566       4.55887727E-02  0.548847973      0.327738851    
   17.8108978       4.56123278E-02  0.549283445      0.327574342    
   17.8525391       4.56378907E-02  0.549715817      0.327411473    
   17.8941803       4.56654280E-02  0.550144970      0.327250272    
   17.9358215       4.56949063E-02  0.550570965      0.327090740    
   17.9774628       4.57262956E-02  0.550993681      0.326932877    
   18.0191040       4.57595587E-02  0.551413119      0.326776713    
   18.0607452       4.57946695E-02  0.551829219      0.326622248    
   18.1023865       4.58315946E-02  0.552241981      0.326469481    
   18.1440277       4.58703041E-02  0.552651346      0.326318443    
   18.1856689       4.59107719E-02  0.553057313      0.326169103    
   18.2273102       4.59529646E-02  0.553459823      0.326021492    
   18.2689514       4.59968559E-02  0.553858876      0.325875640    
   18.3105927       4.60424200E-02  0.554254413      0.325731516    
   18.3522339       4.60896268E-02  0.554646432      0.325589150    
   18.3938751       4.61384505E-02  0.555034935      0.325448543    
   18.4355164       4.61888649E-02  0.555419862      0.325309694    
   18.4771576       4.62408438E-02  0.555801153      0.325172633    
   18.5187988       4.62943651E-02  0.556178808      0.325037330    
   18.5604401       4.63493988E-02  0.556552827      0.324903816    
   18.6020813       4.64059263E-02  0.556923151      0.324772090    
   18.6437225       4.64639179E-02  0.557289779      0.324642152    
   18.6853638       4.65233549E-02  0.557652712      0.324514002    
   18.7270050       4.65842113E-02  0.558011949      0.324387640    
   18.7686462       4.66464646E-02  0.558367431      0.324263066    
   18.8102875       4.67100963E-02  0.558719099      0.324140310    
   18.8519287       4.67750803E-02  0.559067011      0.324019343    
   18.8935699       4.68413979E-02  0.559411108      0.323900193    
   18.9352112       4.69090268E-02  0.559751391      0.323782861    
   18.9768524       4.69779447E-02  0.560087860      0.323667318    
   19.0184937       4.70481329E-02  0.560420454      0.323553592    
   19.0601349       4.71195728E-02  0.560749173      0.323441684    
   19.1017761       4.71922457E-02  0.561074078      0.323331594    
   19.1434174       4.72661294E-02  0.561395049      0.323223323    
   19.1850586       4.73412052E-02  0.561712146      0.323116869    
   19.2266998       4.74174544E-02  0.562025309      0.323012203    
   19.2683411       4.74948585E-02  0.562334597      0.322909355    
   19.3099823       4.75734025E-02  0.562639952      0.322808325    
   19.3516235       4.76530641E-02  0.562941372      0.322709113    
   19.3932648       4.77338284E-02  0.563238859      0.322611719    
   19.4349060       4.78156768E-02  0.563532352      0.322516143    
   19.4765472       4.78985943E-02  0.563821912      0.322422355    
   19.5181885       4.79825661E-02  0.564107537      0.322330385    
   19.5598297       4.80675697E-02  0.564389169      0.322240233    
   19.6014709       4.81535941E-02  0.564666808      0.322151870    
   19.6431122       4.82406244E-02  0.564940453      0.322065324    
   19.6847534       4.83286418E-02  0.565210164      0.321980566    
   19.7263947       4.84176315E-02  0.565475881      0.321897626    
   19.7680359       4.85075749E-02  0.565737605      0.321816474    
   19.8096771       4.85984646E-02  0.565995336      0.321737111    
   19.8513184       4.86902781E-02  0.566249073      0.321659535    
   19.8929596       4.87830043E-02  0.566498816      0.321583748    
   19.9346008       4.88766320E-02  0.566744506      0.321509749    
   19.9762421       4.89711426E-02  0.566986203      0.321437508    
   20.0178833       4.90665212E-02  0.567223907      0.321367055    
   20.0595245       4.91627567E-02  0.567457616      0.321298361    
   20.1011658       4.92598377E-02  0.567687333      0.321231455    
   20.1428070       4.93577495E-02  0.567913055      0.321166307    
   20.1844482       4.94564772E-02  0.568134785      0.321102917    
   20.2260895       4.95560095E-02  0.568352520      0.321041286    
   20.2677307       4.96563315E-02  0.568566203      0.320981383    
   20.3093719       4.97574285E-02  0.568775892      0.320923239    
   20.3510132       4.98592965E-02  0.568981647      0.320866823    
   20.3926544       4.99619134E-02  0.569183409      0.320812136    
   20.4342957       5.00652716E-02  0.569381177      0.320759177    
   20.4759369       5.01693599E-02  0.569574952      0.320707947    
   20.5175781       5.02741672E-02  0.569764733      0.320658445    
   20.5592194       5.03796786E-02  0.569950581      0.320610642    
   20.6008606       5.04858829E-02  0.570132434      0.320564538    
   20.6425018       5.05927689E-02  0.570310354      0.320520133    
   20.6841431       5.07003255E-02  0.570484281      0.320477426    
   20.7257843       5.08085452E-02  0.570654273      0.320436418    
   20.7674255       5.09174131E-02  0.570820332      0.320397079    
   20.8090668       5.10269180E-02  0.570982456      0.320359409    
   20.8507080       5.11370488E-02  0.571140647      0.320323408    
   20.8923492       5.12477942E-02  0.571294904      0.320289075    
   20.9339905       5.13591468E-02  0.571445227      0.320256382    
   20.9756317       5.14710918E-02  0.571591675      0.320225328    
   21.0172729       5.15836217E-02  0.571734190      0.320195913    
   21.0589142       5.16967252E-02  0.571872830      0.320168138    
   21.1005554       5.18103912E-02  0.572007596      0.320142001    
   21.1421967       5.19246124E-02  0.572138488      0.320117474    
   21.1838379       5.20393774E-02  0.572265506      0.320094556    
   21.2254791       5.21546751E-02  0.572388649      0.320073247    
   21.2671204       5.22704944E-02  0.572507977      0.320053518    
   21.3087616       5.23868278E-02  0.572623432      0.320035368    
   21.3504028       5.25036678E-02  0.572735071      0.320018798    
   21.3920441       5.26209995E-02  0.572842896      0.320003808    
   21.4336853       5.27388193E-02  0.572946906      0.319990396    
   21.4753265       5.28571121E-02  0.573047161      0.319978535    
   21.5169678       5.29758707E-02  0.573143601      0.319968224    
   21.5586090       5.30950874E-02  0.573236287      0.319959432    
   21.6002502       5.32147512E-02  0.573325217      0.319952190    
   21.6418915       5.33348508E-02  0.573410392      0.319946468    
   21.6835327       5.34553826E-02  0.573491812      0.319942266    
   21.7251740       5.35763316E-02  0.573569536      0.319939554    
   21.7668152       5.36976941E-02  0.573643506      0.319938332    
   21.8084564       5.38194552E-02  0.573713779      0.319938600    
   21.8500977       5.39416075E-02  0.573780358      0.319940358    
   21.8917389       5.40641472E-02  0.573843300      0.319943577    
   21.9333801       5.41870631E-02  0.573902547      0.319948256    
   21.9750214       5.43103442E-02  0.573958158      0.319954395    
   22.0166626       5.44339828E-02  0.574010134      0.319961965    
   22.0583038       5.45579717E-02  0.574058473      0.319970995    
   22.0999451       5.46822995E-02  0.574103236      0.319981426    
   22.1415863       5.48069589E-02  0.574144423      0.319993287    
   22.1832275       5.49319424E-02  0.574181974      0.320006549    
   22.2248688       5.50572388E-02  0.574216008      0.320021212    
   22.2665100       5.51828444E-02  0.574246466      0.320037276    
   22.3081512       5.53087443E-02  0.574273407      0.320054710    
   22.3497925       5.54349348E-02  0.574296832      0.320073515    
   22.3914337       5.55614047E-02  0.574316740      0.320093691    
   22.4330750       5.56881465E-02  0.574333131      0.320115209    
   22.4747162       5.58151565E-02  0.574346066      0.320138067    
   22.5163574       5.59424199E-02  0.574355543      0.320162266    
   22.5579987       5.60699329E-02  0.574361563      0.320187777    
   22.5996399       5.61976843E-02  0.574364185      0.320214599    
   22.6412811       5.63256666E-02  0.574363351      0.320242733    
   22.6829224       5.64538687E-02  0.574359119      0.320272148    
   22.7245636       5.65822870E-02  0.574351549      0.320302844    
   22.7662048       5.67109101E-02  0.574340582      0.320334822    
   22.8078461       5.68397306E-02  0.574326277      0.320368052    
   22.8494873       5.69687448E-02  0.574308634      0.320402563    
   22.8911285       5.70979379E-02  0.574287713      0.320438296    
   22.9327698       5.72273023E-02  0.574263453      0.320475280    
   22.9744110       5.73568344E-02  0.574235916      0.320513487    
   23.0160522       5.74865192E-02  0.574205160      0.320552915    
   23.0576935       5.76163530E-02  0.574171126      0.320593536    
   23.0993347       5.77463284E-02  0.574133873      0.320635349    
   23.1409760       5.78764342E-02  0.574093401      0.320678353    
   23.1826172       5.80066666E-02  0.574049771      0.320722520    
   23.2242584       5.81370145E-02  0.574002981      0.320767850    
   23.2658997       5.82674667E-02  0.573953032      0.320814341    
   23.3075409       5.83980195E-02  0.573899925      0.320861965    
   23.3491821       5.85286617E-02  0.573843718      0.320910722    
   23.3908234       5.86593859E-02  0.573784411      0.320960611    
   23.4324646       5.87901846E-02  0.573722005      0.321011603    
   23.4741058       5.89210503E-02  0.573656559      0.321063697    
   23.5157471       5.90519719E-02  0.573588014      0.321116894    
   23.5573883       5.91829419E-02  0.573516488      0.321171165    
   23.5990295       5.93139492E-02  0.573441923      0.321226507    
   23.6406708       5.94449900E-02  0.573364377      0.321282923    
   23.6823120       5.95760532E-02  0.573283851      0.321340382    
   23.7239532       5.97071312E-02  0.573200405      0.321398884    
   23.7655945       5.98382168E-02  0.573114038      0.321458399    
   23.8072357       5.99692985E-02  0.573024750      0.321518928    
   23.8488770       6.01003692E-02  0.572932601      0.321580470    
   23.8905182       6.02314174E-02  0.572837532      0.321643025    
   23.9321594       6.03624396E-02  0.572739661      0.321706563    
   23.9738007       6.04934245E-02  0.572638929      0.321771085    
   24.0154419       6.06243610E-02  0.572535396      0.321836561    
   24.0570831       6.07552417E-02  0.572429061      0.321902990    
   24.0987244       6.08860590E-02  0.572319984      0.321970373    
   24.1403656       6.10168017E-02  0.572208166      0.322038680    
   24.1820068       6.11474626E-02  0.572093606      0.322107911    
   24.2236481       6.12780340E-02  0.571976364      0.322178036    
   24.2652893       6.14085011E-02  0.571856439      0.322249085    
   24.3069305       6.15388602E-02  0.571733832      0.322321028    
   24.3485718       6.16691001E-02  0.571608603      0.322393835    
   24.3902130       6.17992096E-02  0.571480751      0.322467506    
   24.4318542       6.19291812E-02  0.571350276      0.322542042    
   24.4734955       6.20590076E-02  0.571217239      0.322617412    
   24.5151367       6.21886775E-02  0.571081638      0.322693616    
   24.5567780       6.23181798E-02  0.570943475      0.322770655    
   24.5984192       6.24475032E-02  0.570802808      0.322848499    
   24.6400604       6.25766441E-02  0.570659637      0.322927147    
   24.6817017       6.27055839E-02  0.570514023      0.323006600    
   24.7233429       6.28343225E-02  0.570365965      0.323086828    
   24.7649841       6.29628375E-02  0.570215464      0.323167831    
   24.8066254       6.30911291E-02  0.570062578      0.323249578    
   24.8482666       6.32191822E-02  0.569907308      0.323332071    
   24.8899078       6.33469895E-02  0.569749713      0.323415309    
   24.9315491       6.34745434E-02  0.569589794      0.323499262    
   24.9731903       6.36018291E-02  0.569427550      0.323583931    
   25.0148315       6.37288317E-02  0.569263041      0.323669314    
   25.0564728       6.38555437E-02  0.569096267      0.323755383    
   25.0981140       6.39819577E-02  0.568927228      0.323842138    
   25.1397552       6.41080588E-02  0.568755984      0.323929548    
   25.1813965       6.42338395E-02  0.568582535      0.324017614    
   25.2230377       6.43592849E-02  0.568406940      0.324106336    
   25.2646790       6.44843876E-02  0.568229198      0.324195683    
   25.3063202       6.46091327E-02  0.568049371      0.324285656    
   25.3479614       6.47335127E-02  0.567867398      0.324376255    
   25.3896027       6.48575127E-02  0.567683399      0.324467450    
   25.4312439       6.49811178E-02  0.567497313      0.324559212    
   25.4728851       6.51043206E-02  0.567309260      0.324651569    
   25.5145264       6.52271062E-02  0.567119181      0.324744493    
   25.5561676       6.53494671E-02  0.566927135      0.324837953    
   25.5978088       6.54713884E-02  0.566733181      0.324931949    
   25.6394501       6.55928552E-02  0.566537261      0.325026482    
   25.6810913       6.57138601E-02  0.566339493      0.325121552    
   25.7227325       6.58343807E-02  0.566139817      0.325217128    
   25.7643738       6.59544170E-02  0.565938354      0.325313181    
   25.8060150       6.60739467E-02  0.565735042      0.325409710    
   25.8476562       6.61929548E-02  0.565529943      0.325506717    
   25.8892975       6.63114414E-02  0.565323114      0.325604200    
   25.9309387       6.64293766E-02  0.565114558      0.325702131    
   25.9725800       6.65467605E-02  0.564904273      0.325800478    
   26.0142212       6.66635707E-02  0.564692318      0.325899243    
   26.0558624       6.67797998E-02  0.564478695      0.325998425    
   26.0975037       6.68954253E-02  0.564263463      0.326098025    
   26.1391449       6.70104399E-02  0.564046621      0.326198012    
   26.1807861       6.71248212E-02  0.563828230      0.326298356    
   26.2224274       6.72385618E-02  0.563608289      0.326399058    
   26.2640686       6.73516467E-02  0.563386798      0.326500118    
   26.3057098       6.74640611E-02  0.563163817      0.326601505    
   26.3473511       6.75757825E-02  0.562939405      0.326703221    
   26.3889923       6.76868036E-02  0.562713563      0.326805264    
   26.4306335       6.77971095E-02  0.562486351      0.326907605    
   26.4722748       6.79066777E-02  0.562257767      0.327010244    
   26.5139160       6.80154935E-02  0.562027812      0.327113152    
   26.5555573       6.81235492E-02  0.561796546      0.327216327    
   26.5971985       6.82308227E-02  0.561564028      0.327319741    
   26.6388397       6.83372915E-02  0.561330259      0.327423394    
   26.6804810       6.84429482E-02  0.561095238      0.327527285    
   26.7221222       6.85477704E-02  0.560859025      0.327631384    
   26.7637634       6.86517432E-02  0.560621679      0.327735662    
   26.8054047       6.87548518E-02  0.560383201      0.327840149    
   26.8470459       6.88570738E-02  0.560143650      0.327944785    
   26.8886871       6.89583942E-02  0.559903026      0.328049600    
   26.9303284       6.90587983E-02  0.559661329      0.328154564    
   26.9719696       6.91582635E-02  0.559418678      0.328259647    
   27.0136108       6.92567676E-02  0.559175014      0.328364849    
   27.0552521       6.93543032E-02  0.558930397      0.328470170    
   27.0968933       6.94508404E-02  0.558684886      0.328575581    
   27.1385345       6.95463717E-02  0.558438540      0.328681052    
   27.1801758       6.96408674E-02  0.558191359      0.328786612    
   27.2218170       6.97343200E-02  0.557943344      0.328892201    
   27.2634583       6.98266998E-02  0.557694554      0.328997850    
   27.3050995       6.99179918E-02  0.557445049      0.329103529    
   27.3467407       7.00081736E-02  0.557194829      0.329209208    
   27.3883820       7.00972229E-02  0.556943953      0.329314888    
   27.4300232       7.01851323E-02  0.556692421      0.329420537    
   27.4716644       7.02718720E-02  0.556440294      0.329526156    
   27.5133057       7.03574196E-02  0.556187570      0.329631746    
   27.5549469       7.04417601E-02  0.555934310      0.329737276    
   27.5965881       7.05248639E-02  0.555680573      0.329842716    
   27.6382294       7.06067160E-02  0.555426359      0.329948068    
   27.6798706       7.06872940E-02  0.555171728      0.330053329    
   27.7215118       7.07665831E-02  0.554916739      0.330158472    
   27.7631531       7.08445534E-02  0.554661393      0.330263466    
   27.8047943       7.09211826E-02  0.554405749      0.330368310    
   27.8464355       7.09964484E-02  0.554149806      0.330473006    
   27.8880768       7.10703358E-02  0.553893626      0.330577523    
   27.9297180       7.11428151E-02  0.553637266      0.330681860    
   27.9713593       7.12138712E-02  0.553380728      0.330785990    
   28.0130005       7.12834746E-02  0.553124070      0.330889881    
   28.0546417       7.13516101E-02  0.552867353      0.330993563    
   28.0962830       7.14182481E-02  0.552610576      0.331096977    
   28.1379242       7.14833662E-02  0.552353799      0.331200123    
   28.1795654       7.15469420E-02  0.552097023      0.331303000    
   28.2212067       7.16089532E-02  0.551840365      0.331405580    
   28.2628479       7.16693774E-02  0.551583767      0.331507832    
   28.3044891       7.17281923E-02  0.551327348      0.331609756    
   28.3461304       7.17853680E-02  0.551071107      0.331711352    
   28.3877716       7.18408898E-02  0.550815105      0.331812561    
   28.4294128       7.18947276E-02  0.550559402      0.331913412    
   28.4710541       7.19468594E-02  0.550303996      0.332013875    
   28.5126953       7.19972625E-02  0.550048947      0.332113922    
   28.5543365       7.20459148E-02  0.549794316      0.332213551    
   28.5959778       7.20927864E-02  0.549540102      0.332312733    
   28.6376190       7.21378624E-02  0.549286425      0.332411468    
   28.6792603       7.21811131E-02  0.549033225      0.332509726    
   28.7209015       7.22225085E-02  0.548780620      0.332607478    
   28.7625427       7.22620338E-02  0.548528612      0.332704723    
   28.8041840       7.22996667E-02  0.548277259      0.332801461    
   28.8458252       7.23353773E-02  0.548026621      0.332897663    
   28.8874664       7.23691508E-02  0.547776759      0.332993299    
   28.9291077       7.24009573E-02  0.547527671      0.333088368    
   28.9707489       7.24307746E-02  0.547279418      0.333182842    
   29.0123901       7.24585801E-02  0.547032058      0.333276689    
   29.0540314       7.24843517E-02  0.546785593      0.333369941    
   29.0956726       7.25080594E-02  0.546540141      0.333462536    
   29.1373138       7.25296885E-02  0.546295702      0.333554476    
   29.1789551       7.25492164E-02  0.546052337      0.333645731    
   29.2205963       7.25666210E-02  0.545810044      0.333736300    
   29.2622375       7.25818723E-02  0.545568943      0.333826154    
   29.3038788       7.25949556E-02  0.545329034      0.333915293    
   29.3455200       7.26058483E-02  0.545090377      0.334003687    
   29.3871613       7.26145357E-02  0.544853032      0.334091306    
   29.4288025       7.26209879E-02  0.544616997      0.334178150    
   29.4704437       7.26251900E-02  0.544382334      0.334264219    
   29.5120850       7.26271197E-02  0.544149160      0.334349453    
   29.5537262       7.26267621E-02  0.543917418      0.334433854    
   29.5953674       7.26240948E-02  0.543687224      0.334517419    
   29.6370087       7.26190954E-02  0.543458641      0.334600121    
   29.6786499       7.26117566E-02  0.543231666      0.334681928    
   29.7202911       7.26020485E-02  0.543006361      0.334762841    
   29.7619324       7.25899637E-02  0.542782784      0.334842831    
   29.8035736       7.25754797E-02  0.542560995      0.334921896    
   29.8452148       7.25585893E-02  0.542340994      0.335000008    
   29.8868561       7.25392699E-02  0.542122841      0.335077167    
   29.9284973       7.25175068E-02  0.541906595      0.335153341    
   29.9701385       7.24932924E-02  0.541692317      0.335228503    
   30.0117798       7.24666044E-02  0.541480064      0.335302651    
   30.0534210       7.24374428E-02  0.541269839      0.335375756    
   30.0950623       7.24057853E-02  0.541061759      0.335447818    
   30.1367035       7.23716319E-02  0.540855825      0.335518807    
   30.1783447       7.23349601E-02  0.540652096      0.335588694    
   30.2199860       7.22957700E-02  0.540450573      0.335657477    
   30.2616272       7.22540542E-02  0.540251374      0.335725129    
   30.3032684       7.22098053E-02  0.540054500      0.335791647    
   30.3449097       7.21630156E-02  0.539860010      0.335857004    
   30.3865509       7.21136779E-02  0.539667964      0.335921198    
   30.4281921       7.20617920E-02  0.539478362      0.335984200    
   30.4698334       7.20073506E-02  0.539291322      0.336046010    
   30.5114746       7.19503611E-02  0.539106846      0.336106598    
   30.5531158       7.18908161E-02  0.538924992      0.336165965    
   30.5947571       7.18287155E-02  0.538745761      0.336224079    
   30.6363983       7.17640668E-02  0.538569272      0.336280912    
   30.6780396       7.16968700E-02  0.538395524      0.336336493    
   30.7196808       7.16271251E-02  0.538224578      0.336390764    
   30.7613220       7.15548471E-02  0.538056433      0.336443722    
   30.8029633       7.14800358E-02  0.537891209      0.336495370    
   30.8446045       7.14026988E-02  0.537728906      0.336545676    
   30.8862457       7.13228509E-02  0.537569582      0.336594611    
   30.9278870       7.12404922E-02  0.537413239      0.336642206    
   30.9695282       7.11556450E-02  0.537259936      0.336688399    
   31.0111694       7.10683167E-02  0.537109733      0.336733222    
   31.0528107       7.09785223E-02  0.536962688      0.336776644    
   31.0944519       7.08862841E-02  0.536818802      0.336818635    
   31.1360931       7.07916096E-02  0.536678135      0.336859196    
   31.1777344       7.06945285E-02  0.536540687      0.336898327    
   31.2193756       7.05950558E-02  0.536406517      0.336935997    
   31.2610168       7.04932138E-02  0.536275685      0.336972207    
   31.3026581       7.03890249E-02  0.536148190      0.337006927    
   31.3442993       7.02825114E-02  0.536024094      0.337040156    
   31.3859406       7.01737031E-02  0.535903394      0.337071896    
   31.4275818       7.00626224E-02  0.535786152      0.337102145    
   31.4692230       6.99493065E-02  0.535672426      0.337130874    
   31.5108643       6.98337778E-02  0.535562217      0.337158084    
   31.5525055       6.97160736E-02  0.535455525      0.337183744    
   31.5941467       6.95962235E-02  0.535352409      0.337207854    
   31.6357880       6.94742650E-02  0.535252929      0.337230414    
   31.6774292       6.93502277E-02  0.535157084      0.337251425    
   31.7190704       6.92241564E-02  0.535064936      0.337270886    
   31.7607117       6.90960884E-02  0.534976423      0.337288767    
   31.8023529       6.89660609E-02  0.534891665      0.337305069    
   31.8439941       6.88341185E-02  0.534810603      0.337319791    
   31.8856354       6.87002987E-02  0.534733295      0.337332934    
   31.9272766       6.85646459E-02  0.534659803      0.337344468    
   31.9689178       6.84272051E-02  0.534590125      0.337354422    
   32.0105591       6.82880282E-02  0.534524262      0.337362766    
   32.0522003       6.81471527E-02  0.534462214      0.337369531    
   32.0938416       6.80046305E-02  0.534404039      0.337374687    
   32.1354828       6.78605139E-02  0.534349740      0.337378234    
   32.1771240       6.77148551E-02  0.534299314      0.337380171    
   32.2187653       6.75676987E-02  0.534252763      0.337380499    
   32.2604065       6.74190968E-02  0.534210145      0.337379217    
   32.3020477       6.72691092E-02  0.534171462      0.337376326    
   32.3436890       6.71177879E-02  0.534136653      0.337371826    
   32.3853302       6.69651851E-02  0.534105778      0.337365717    
   32.4269714       6.68113604E-02  0.534078896      0.337357998    
   32.4686127       6.66563660E-02  0.534055948      0.337348670    
   32.5102539       6.65002614E-02  0.534036934      0.337337762    
   32.5518951       6.63430989E-02  0.534021854      0.337325245    
   32.5935364       6.61849380E-02  0.534010768      0.337311149    
   32.6351776       6.60258457E-02  0.534003615      0.337295443    
   32.6768188       6.58658743E-02  0.534000397      0.337278157    
   32.7184601       6.57050833E-02  0.534001172      0.337259293    
   32.7601013       6.55435324E-02  0.534005880      0.337238848    
   32.8017426       6.53812811E-02  0.534014523      0.337216854    
   32.8433838       6.52183965E-02  0.534027100      0.337193280    
   32.8850250       6.50549307E-02  0.534043610      0.337168157    
   32.9266663       6.48909435E-02  0.534064054      0.337141514    
   32.9683075       6.47265017E-02  0.534088373      0.337113321    
   33.0099487       6.45616651E-02  0.534116626      0.337083608    
   33.0515900       6.43964931E-02  0.534148753      0.337052375    
   33.0932312       6.42310381E-02  0.534184754      0.337019622    
   33.1348724       6.40653744E-02  0.534224570      0.336985379    
   33.1765137       6.38995469E-02  0.534268260      0.336949646    
   33.2181549       6.37336224E-02  0.534315765      0.336912453    
   33.2597961       6.35676607E-02  0.534367025      0.336873800    
   33.3014374       6.34017214E-02  0.534422100      0.336833686    
   33.3430786       6.32358640E-02  0.534480929      0.336792141    
   33.3847198       6.30701408E-02  0.534543455      0.336749196    
   33.4263611       6.29046112E-02  0.534609675      0.336704820    
   33.4680023       6.27393350E-02  0.534679592      0.336659074    
   33.5096436       6.25743642E-02  0.534753144      0.336611927    
   33.5512848       6.24097548E-02  0.534830332      0.336563438    
   33.5929260       6.22455627E-02  0.534911156      0.336513579    
   33.6345673       6.20818436E-02  0.534995556      0.336462408    
   33.6762085       6.19186461E-02  0.535083473      0.336409926    
   33.7178497       6.17560223E-02  0.535174906      0.336356133    
   33.7594910       6.15940280E-02  0.535269797      0.336301059    
   33.8011322       6.14327081E-02  0.535368145      0.336244732    
   33.8427734       6.12721145E-02  0.535469890      0.336187154    
   33.8844147       6.11122958E-02  0.535574973      0.336128354    
   33.9260559       6.09533004E-02  0.535683393      0.336068332    
   33.9676971       6.07951730E-02  0.535795093      0.336007118    
   34.0093384       6.06379583E-02  0.535910070      0.335944742    
   34.0509796       6.04817048E-02  0.536028266      0.335881203    
   34.0926208       6.03264533E-02  0.536149621      0.335816532    
   34.1342621       6.01722449E-02  0.536274076      0.335750759    
   34.1759033       6.00191206E-02  0.536401629      0.335683882    
   34.2175446       5.98671213E-02  0.536532223      0.335615933    
   34.2591858       5.97162843E-02  0.536665857      0.335546941    
   34.3008270       5.95666468E-02  0.536802411      0.335476935    
   34.3424683       5.94182499E-02  0.536941886      0.335405916    
   34.3841095       5.92711233E-02  0.537084281      0.335333914    
   34.4257507       5.91253042E-02  0.537229478      0.335260928    
   34.4673920       5.89808226E-02  0.537377417      0.335187018    
   34.5090332       5.88377118E-02  0.537528098      0.335112184    
   34.5506744       5.86960018E-02  0.537681460      0.335036427    
   34.5923157       5.85557185E-02  0.537837505      0.334959805    
   34.6339569       5.84168956E-02  0.537996113      0.334882319    
   34.6755981       5.82795590E-02  0.538157225      0.334803998    
   34.7172394       5.81437349E-02  0.538320839      0.334724873    
   34.7588806       5.80094457E-02  0.538486898      0.334644973    
   34.8005219       5.78767136E-02  0.538655341      0.334564298    
   34.8421631       5.77455647E-02  0.538826108      0.334482878    
   34.8838043       5.76160178E-02  0.538999200      0.334400743    
   34.9254456       5.74880950E-02  0.539174497      0.334317893    
   34.9670868       5.73618114E-02  0.539352000      0.334234387    
   35.0087280       5.72371893E-02  0.539531648      0.334150225    
   35.0503693       5.71142435E-02  0.539713383      0.334065437    
   35.0920105       5.69929890E-02  0.539897144      0.333980024    
   35.1336517       5.68734445E-02  0.540082872      0.333894044    
   35.1752930       5.67556173E-02  0.540270507      0.333807498    
   35.2169342       5.66395260E-02  0.540460050      0.333720416    
   35.2585754       5.65251783E-02  0.540651381      0.333632797    
   35.3002167       5.64125851E-02  0.540844500      0.333544701    
   35.3418579       5.63017614E-02  0.541039348      0.333456129    
   35.3834991       5.61927110E-02  0.541235864      0.333367109    
   35.4251404       5.60854413E-02  0.541433990      0.333277643    
   35.4667816       5.59799634E-02  0.541633666      0.333187789    
   35.5084229       5.58762811E-02  0.541834831      0.333097547    
   35.5500641       5.57744019E-02  0.542037487      0.333006948    
   35.5917053       5.56743294E-02  0.542241514      0.332916021    
   35.6333466       5.55760674E-02  0.542446911      0.332824767    
   35.6749878       5.54796159E-02  0.542653620      0.332733214    
   35.7166290       5.53849824E-02  0.542861581      0.332641393    
   35.7582703       5.52921668E-02  0.543070734      0.332549334    
   35.7999115       5.52011654E-02  0.543281019      0.332457036    
   35.8415527       5.51119857E-02  0.543492436      0.332364529    
   35.8831940       5.50246239E-02  0.543704867      0.332271844    
   35.9248352       5.49390800E-02  0.543918312      0.332178980    
   35.9664764       5.48553504E-02  0.544132710      0.332085967    
   36.0081177       5.47734313E-02  0.544347942      0.331992835    
   36.0497589       5.46933264E-02  0.544564068      0.331899583    
   36.0914001       5.46150282E-02  0.544780970      0.331806272    
   36.1330414       5.45385294E-02  0.544998586      0.331712872    
   36.1746826       5.44638298E-02  0.545216918      0.331619442    
   36.2163239       5.43909222E-02  0.545435905      0.331525981    
   36.2579651       5.43198027E-02  0.545655489      0.331432521    
   36.2996063       5.42504638E-02  0.545875609      0.331339061    
   36.3412476       5.41829020E-02  0.546096265      0.331245661    
   36.3828888       5.41171059E-02  0.546317339      0.331152290    
   36.4245300       5.40530719E-02  0.546538830      0.331059009    
   36.4661713       5.39907925E-02  0.546760678      0.330965817    
   36.5078125       5.39302565E-02  0.546982825      0.330872715    
   36.5494537       5.38714603E-02  0.547205269      0.330779761    
   36.5910950       5.38143925E-02  0.547427952      0.330686927    
   36.6327362       5.37590422E-02  0.547650754      0.330594271    
   36.6743774       5.37054054E-02  0.547873735      0.330501795    
   36.7160187       5.36534674E-02  0.548096776      0.330409527    
   36.7576599       5.36032207E-02  0.548319876      0.330317467    
   36.7993011       5.35546504E-02  0.548542976      0.330225646    
   36.8409424       5.35077527E-02  0.548766017      0.330134064    
   36.8825836       5.34625165E-02  0.548988998      0.330042750    
   36.9242249       5.34189269E-02  0.549211860      0.329951704    
   36.9658661       5.33769727E-02  0.549434543      0.329860955    
   37.0075073       5.33366464E-02  0.549657047      0.329770505    
   37.0491486       5.32979369E-02  0.549879253      0.329680383    
   37.0907898       5.32608293E-02  0.550101221      0.329590619    
   37.1324310       5.32253124E-02  0.550322831      0.329501212    
   37.1740723       5.31913750E-02  0.550544083      0.329412162    
   37.2157135       5.31590059E-02  0.550764918      0.329323500    
   37.2573547       5.31281941E-02  0.550985336      0.329235256    
   37.2989960       5.30989245E-02  0.551205277      0.329147428    
   37.3406372       5.30711859E-02  0.551424682      0.329060018    
   37.3822784       5.30449636E-02  0.551643491      0.328973055    
   37.4239197       5.30202463E-02  0.551861763      0.328886539    
   37.4655609       5.29970229E-02  0.552079380      0.328800499    
   37.5072021       5.29752821E-02  0.552296340      0.328714937    
   37.5488434       5.29550053E-02  0.552512586      0.328629881    
   37.5904846       5.29361814E-02  0.552728117      0.328545332    
   37.6321259       5.29188029E-02  0.552942872      0.328461289    
   37.6737671       5.29028513E-02  0.553156853      0.328377783    
   37.7154083       5.28883152E-02  0.553369999      0.328294843    
   37.7570496       5.28751798E-02  0.553582251      0.328212440    
   37.7986908       5.28634377E-02  0.553793609      0.328130603    
   37.8403320       5.28530702E-02  0.554004073      0.328049362    
   37.8819733       5.28440662E-02  0.554213583      0.327968687    
   37.9236145       5.28364107E-02  0.554422081      0.327888608    
   37.9652557       5.28300926E-02  0.554629564      0.327809155    
   38.0068970       5.28250970E-02  0.554835975      0.327730328    
   38.0485382       5.28214127E-02  0.555041313      0.327652127    
   38.0901794       5.28190285E-02  0.555245578      0.327574551    
   38.1318207       5.28179258E-02  0.555448711      0.327497631    
   38.1734619       5.28180934E-02  0.555650651      0.327421367    
   38.2151031       5.28195165E-02  0.555851400      0.327345788    
   38.2567444       5.28221875E-02  0.556050956      0.327270865    
   38.2983856       5.28260916E-02  0.556249261      0.327196628    
   38.3400269       5.28312139E-02  0.556446314      0.327123106    
   38.3816681       5.28375432E-02  0.556642115      0.327050269    
   38.4233093       5.28450646E-02  0.556836545      0.326978147    
   38.4649506       5.28537668E-02  0.557029665      0.326906741    
   38.5065918       5.28636351E-02  0.557221413      0.326836050    
   38.5482330       5.28746583E-02  0.557411790      0.326766104    
   38.5898743       5.28868251E-02  0.557600737      0.326696903    
   38.6315155       5.29001206E-02  0.557788253      0.326628447    
   38.6731567       5.29145300E-02  0.557974339      0.326560736    
   38.7147980       5.29300459E-02  0.558158934      0.326493800    
   38.7564392       5.29466495E-02  0.558342040      0.326427639    
   38.7980804       5.29643334E-02  0.558523655      0.326362252    
   38.8397217       5.29830828E-02  0.558703721      0.326297641    
   38.8813629       5.30028865E-02  0.558882236      0.326233804    
   38.9230042       5.30237332E-02  0.559059203      0.326170772    
   38.9646454       5.30456081E-02  0.559234560      0.326108515    
   39.0062866       5.30685000E-02  0.559408307      0.326047063    
   39.0479279       5.30923977E-02  0.559580445      0.325986415    
   39.0895691       5.31172864E-02  0.559750915      0.325926602    
   39.1312103       5.31431548E-02  0.559919775      0.325867593    
   39.1728516       5.31699955E-02  0.560086906      0.325809419    
   39.2144928       5.31977899E-02  0.560252368      0.325752050    
   39.2561340       5.32265306E-02  0.560416102      0.325695515    
   39.2977753       5.32562062E-02  0.560578167      0.325639814    
   39.3394165       5.32868020E-02  0.560738444      0.325584948    
   39.3810577       5.33183068E-02  0.560896993      0.325530946    
   39.4226990       5.33507094E-02  0.561053753      0.325477779    
   39.4643402       5.33840023E-02  0.561208725      0.325425446    
   39.5059814       5.34181707E-02  0.561361909      0.325373977    
   39.5476227       5.34531996E-02  0.561513305      0.325323373    
   39.5892639       5.34890816E-02  0.561662912      0.325273633    
   39.6309052       5.35258055E-02  0.561810672      0.325224727    
   39.6725464       5.35633601E-02  0.561956584      0.325176686    
   39.7141876       5.36017343E-02  0.562100649      0.325129539    
   39.7558289       5.36409169E-02  0.562242866      0.325083256    
   39.7974701       5.36808968E-02  0.562383175      0.325037837    
   39.8391113       5.37216626E-02  0.562521577      0.324993283    
   39.8807526       5.37632033E-02  0.562658131      0.324949592    
   39.9223938       5.38055114E-02  0.562792778      0.324906796    
   39.9640350       5.38485721E-02  0.562925518      0.324864864    
   40.0056763       5.38923778E-02  0.563056290      0.324823827    
   40.0473175       5.39369136E-02  0.563185155      0.324783653    
   40.0889587       5.39821722E-02  0.563312054      0.324744374    
   40.1306000       5.40281422E-02  0.563437045      0.324705958    
   40.1722412       5.40748127E-02  0.563560069      0.324668437    
   40.2138824       5.41221760E-02  0.563681126      0.324631810    
   40.2555237       5.41702174E-02  0.563800216      0.324596047    
   40.2971649       5.42189293E-02  0.563917339      0.324561179    
   40.3388062       5.42683005E-02  0.564032495      0.324527204    
   40.3804474       5.43183237E-02  0.564145625      0.324494094    
   40.4220886       5.43689877E-02  0.564256787      0.324461877    
   40.4637299       5.44202775E-02  0.564365923      0.324430555    
   40.5053711       5.44721894E-02  0.564473093      0.324400127    
   40.5470123       5.45247085E-02  0.564578235      0.324370563    
   40.5886536       5.45778275E-02  0.564681351      0.324341893    
   40.6302948       5.46315424E-02  0.564782500      0.324314117    
   40.6719360       5.46858348E-02  0.564881623      0.324287206    
   40.7135773       5.47406971E-02  0.564978719      0.324261189    
   40.7552185       5.47961220E-02  0.565073788      0.324236035    
   40.7968597       5.48520982E-02  0.565166831      0.324211776    
   40.8385010       5.49086146E-02  0.565257847      0.324188381    
   40.8801422       5.49656637E-02  0.565346837      0.324165881    
   40.9217834       5.50232381E-02  0.565433800      0.324144244    
   40.9634247       5.50813228E-02  0.565518677      0.324123502    
   41.0050659       5.51399142E-02  0.565601528      0.324103624    
   41.0467072       5.51990010E-02  0.565682352      0.324084610    
   41.0883484       5.52585721E-02  0.565761149      0.324066460    
   41.1299896       5.53186201E-02  0.565837920      0.324049175    
   41.1716309       5.53791337E-02  0.565912604      0.324032754    
   41.2132721       5.54401055E-02  0.565985262      0.324017197    
   41.2549133       5.55015281E-02  0.566055894      0.324002504    
   41.2965546       5.55633903E-02  0.566124499      0.323988676    
   41.3381958       5.56256846E-02  0.566191018      0.323975712    
   41.3798370       5.56883998E-02  0.566255510      0.323963583    
   41.4214783       5.57515249E-02  0.566317976      0.323952317    
   41.4631195       5.58150560E-02  0.566378415      0.323941886    
   41.5047607       5.58789819E-02  0.566436827      0.323932320    
   41.5464020       5.59432954E-02  0.566493213      0.323923588    
   41.5880432       5.60079850E-02  0.566547573      0.323915690    
   41.6296844       5.60730435E-02  0.566599905      0.323908627    
   41.6713257       5.61384596E-02  0.566650212      0.323902398    
   41.7129669       5.62042296E-02  0.566698492      0.323897004    
   41.7546082       5.62703423E-02  0.566744745      0.323892444    
   41.7962494       5.63367903E-02  0.566788971      0.323888719    
   41.8378906       5.64035624E-02  0.566831172      0.323885798    
   41.8795319       5.64706512E-02  0.566871405      0.323883712    
   41.9211731       5.65380454E-02  0.566909611      0.323882431    
   41.9628143       5.66057377E-02  0.566945851      0.323881954    
   42.0044556       5.66737242E-02  0.566980064      0.323882282    
   42.0460968       5.67419901E-02  0.567012310      0.323883414    
   42.0877380       5.68105318E-02  0.567042530      0.323885351    
   42.1293793       5.68793379E-02  0.567070782      0.323888063    
   42.1710205       5.69484010E-02  0.567097068      0.323891580    
   42.2126617       5.70177138E-02  0.567121387      0.323895872    
   42.2543030       5.70872650E-02  0.567143738      0.323900938    
   42.2959442       5.71570471E-02  0.567164123      0.323906779    
   42.3375854       5.72270527E-02  0.567182541      0.323913395    
   42.3792267       5.72972745E-02  0.567199051      0.323920786    
   42.4208679       5.73677048E-02  0.567213595      0.323928952    
   42.4625092       5.74383289E-02  0.567226231      0.323937863    
   42.5041504       5.75091466E-02  0.567236960      0.323947519    
   42.5457916       5.75801432E-02  0.567245722      0.323957920    
   42.5874329       5.76513149E-02  0.567252576      0.323969066    
   42.6290741       5.77226505E-02  0.567257524      0.323980957    
   42.6707153       5.77941425E-02  0.567260623      0.323993593    
   42.7123566       5.78657836E-02  0.567261815      0.324006945    
   42.7539978       5.79375662E-02  0.567261100      0.324021041    
   42.7956390       5.80094792E-02  0.567258537      0.324035853    
   42.8372803       5.80815189E-02  0.567254126      0.324051380    
   42.8789215       5.81536740E-02  0.567247868      0.324067622    
   42.9205627       5.82259372E-02  0.567239761      0.324084550    
   42.9622040       5.82983010E-02  0.567229807      0.324102193    
   43.0038452       5.83707541E-02  0.567218006      0.324120522    
   43.0454865       5.84432893E-02  0.567204356      0.324139535    
   43.0871277       5.85158989E-02  0.567188919      0.324159235    
   43.1287689       5.85885756E-02  0.567171693      0.324179620    
   43.1704102       5.86613119E-02  0.567152679      0.324200660    
   43.2120514       5.87340966E-02  0.567131877      0.324222356    
   43.2536926       5.88069260E-02  0.567109287      0.324244708    
   43.2953339       5.88797890E-02  0.567084968      0.324267715    
   43.3369751       5.89526780E-02  0.567058861      0.324291378    
   43.3786163       5.90255857E-02  0.567031026      0.324315697    
   43.4202576       5.90985008E-02  0.567001462      0.324340641    
   43.4618988       5.91714159E-02  0.566970170      0.324366212    
   43.5035400       5.92443272E-02  0.566937208      0.324392408    
   43.5451813       5.93172237E-02  0.566902518      0.324419230    
   43.5868225       5.93900979E-02  0.566866159      0.324446648    
   43.6284637       5.94629422E-02  0.566828132      0.324474692    
   43.6701050       5.95357418E-02  0.566788435      0.324503332    
   43.7117462       5.96084967E-02  0.566747069      0.324532568    
   43.7533875       5.96811958E-02  0.566704094      0.324562371    
   43.7950287       5.97538315E-02  0.566659451      0.324592769    
   43.8366699       5.98263927E-02  0.566613197      0.324623734    
   43.8783112       5.98988757E-02  0.566565335      0.324655265    
   43.9199524       5.99712692E-02  0.566515923      0.324687362    
   43.9615936       6.00435697E-02  0.566464901      0.324719995    
   44.0032349       6.01157621E-02  0.566412330      0.324753195    
   44.0448761       6.01878427E-02  0.566358209      0.324786931    
   44.0865173       6.02598004E-02  0.566302538      0.324821204    
   44.1281586       6.03316277E-02  0.566245377      0.324856013    
   44.1697998       6.04033172E-02  0.566186666      0.324891329    
   44.2114410       6.04748614E-02  0.566126466      0.324927151    
   44.2530823       6.05462529E-02  0.566064775      0.324963480    
   44.2947235       6.06174804E-02  0.566001594      0.325000316    
   44.3363647       6.06885366E-02  0.565936983      0.325037658    
   44.3780060       6.07594140E-02  0.565870941      0.325075477    
   44.4196472       6.08301051E-02  0.565803468      0.325113773    
   44.4612885       6.09005988E-02  0.565734565      0.325152546    
   44.5029297       6.09708913E-02  0.565664291      0.325191796    
   44.5445709       6.10409714E-02  0.565592587      0.325231493    
   44.5862122       6.11108281E-02  0.565519512      0.325271636    
   44.6278534       6.11804575E-02  0.565445125      0.325312227    
   44.6694946       6.12498485E-02  0.565369368      0.325353265    
   44.7111359       6.13189936E-02  0.565292299      0.325394720    
   44.7527771       6.13878854E-02  0.565213919      0.325436592    
   44.7944183       6.14565127E-02  0.565134227      0.325478882    
   44.8360596       6.15248680E-02  0.565053284      0.325521588    
   44.8777008       6.15929477E-02  0.564971030      0.325564682    
   44.9193420       6.16607368E-02  0.564887524      0.325608194    
   44.9609833       6.17282279E-02  0.564802825      0.325652093    
   45.0026245       6.17954172E-02  0.564716876      0.325696349    
   45.0442657       6.18622936E-02  0.564629734      0.325740993    
   45.0859070       6.19288497E-02  0.564541399      0.325785995    
   45.1275482       6.19950742E-02  0.564451873      0.325831354    
   45.1691895       6.20609596E-02  0.564361215      0.325877070    
   45.2108307       6.21264987E-02  0.564269423      0.325923115    
   45.2524719       6.21916801E-02  0.564176500      0.325969487    
   45.2941132       6.22564964E-02  0.564082503      0.326016188    
   45.3357544       6.23209402E-02  0.563987374      0.326063216    
   45.3773956       6.23850040E-02  0.563891172      0.326110542    
   45.4190369       6.24486767E-02  0.563793957      0.326158166    
   45.4606781       6.25119507E-02  0.563695669      0.326206088    
   45.5023193       6.25748187E-02  0.563596368      0.326254308    
   45.5439606       6.26372695E-02  0.563496113      0.326302797    
   45.5856018       6.26993030E-02  0.563394845      0.326351553    
   45.6272430       6.27608970E-02  0.563292623      0.326400578    
   45.6688843       6.28220513E-02  0.563189447      0.326449871    
   45.7105255       6.28827587E-02  0.563085318      0.326499403    
   45.7521667       6.29430041E-02  0.562980294      0.326549172    
   45.7938080       6.30027875E-02  0.562874377      0.326599181    
   45.8354492       6.30620942E-02  0.562767565      0.326649398    
   45.8770905       6.31209165E-02  0.562659919      0.326699853    
   45.9187317       6.31792471E-02  0.562551439      0.326750517    
   45.9603729       6.32370710E-02  0.562442124      0.326801360    
   46.0020142       6.32943884E-02  0.562332034      0.326852411    
   46.0436554       6.33511841E-02  0.562221110      0.326903641    
   46.0852966       6.34074584E-02  0.562109470      0.326955050    
   46.1269379       6.34631962E-02  0.561997056      0.327006638    
   46.1685791       6.35183901E-02  0.561883926      0.327058375    
   46.2102203       6.35730326E-02  0.561770082      0.327110261    
   46.2518616       6.36271089E-02  0.561655521      0.327162296    
   46.2935028       6.36806190E-02  0.561540306      0.327214450    
   46.3351440       6.37335479E-02  0.561424434      0.327266753    
   46.3767853       6.37858883E-02  0.561307967      0.327319175    
   46.4184265       6.38376400E-02  0.561190844      0.327371687    
   46.4600677       6.38887808E-02  0.561073124      0.327424318    
   46.5017090       6.39393181E-02  0.560954869      0.327477038    
   46.5433502       6.39892295E-02  0.560836017      0.327529848    
   46.5849915       6.40385151E-02  0.560716629      0.327582717    
   46.6266327       6.40871599E-02  0.560596764      0.327635676    
   46.6682739       6.41351566E-02  0.560476422      0.327688694    
   46.7099152       6.41825050E-02  0.560355604      0.327741742    
   46.7515564       6.42291903E-02  0.560234308      0.327794850    
   46.7931976       6.42752051E-02  0.560112596      0.327847987    
   46.8348389       6.43205419E-02  0.559990466      0.327901155    
   46.8764801       6.43651932E-02  0.559867918      0.327954352    
   46.9181213       6.44091442E-02  0.559745014      0.328007549    
   46.9597626       6.44523948E-02  0.559621751      0.328060746    
   47.0014038       6.44949377E-02  0.559498191      0.328113943    
   47.0430450       6.45367578E-02  0.559374273      0.328167111    
   47.0846863       6.45778552E-02  0.559250057      0.328220248    
   47.1263275       6.46182150E-02  0.559125602      0.328273356    
   47.1679688       6.46578297E-02  0.559000909      0.328326434    
   47.2096100       6.46966994E-02  0.558875978      0.328379452    
   47.2512512       6.47348091E-02  0.558750808      0.328432411    
   47.2928925       6.47721514E-02  0.558625460      0.328485310    
   47.3345337       6.48087189E-02  0.558499992      0.328538150    
   47.3761749       6.48445114E-02  0.558374345      0.328590900    
   47.4178162       6.48795143E-02  0.558248580      0.328643560    
   47.4594574       6.49137199E-02  0.558122694      0.328696132    
   47.5010986       6.49471208E-02  0.557996750      0.328748584    
   47.5427399       6.49797171E-02  0.557870746      0.328800917    
   47.5843811       6.50114939E-02  0.557744741      0.328853130    
   47.6260223       6.50424436E-02  0.557618678      0.328905225    
   47.6676636       6.50725663E-02  0.557492614      0.328957170    
   47.7093048       6.51018545E-02  0.557366610      0.329008967    
   47.7509460       6.51302934E-02  0.557240665      0.329060614    
   47.7925873       6.51578829E-02  0.557114780      0.329112083    
   47.8342285       6.51846156E-02  0.556988955      0.329163373    
   47.8758698       6.52104840E-02  0.556863248      0.329214483    
   47.9175110       6.52354807E-02  0.556737661      0.329265416    
   47.9591522       6.52595982E-02  0.556612253      0.329316139    
   48.0007935       6.52828366E-02  0.556487024      0.329366654    
   48.0424347       6.53051808E-02  0.556361973      0.329416960    
   48.0840759       6.53266311E-02  0.556237161      0.329467028    
   48.1257172       6.53471872E-02  0.556112587      0.329516888    
   48.1673584       6.53668344E-02  0.555988312      0.329566479    
   48.2089996       6.53855652E-02  0.555864275      0.329615831    
   48.2506409       6.54033795E-02  0.555740535      0.329664946    
   48.2922821       6.54202774E-02  0.555617154      0.329713792    
   48.3339233       6.54362440E-02  0.555494130      0.329762340    
   48.3755646       6.54512867E-02  0.555371463      0.329810619    
   48.4172058       6.54653907E-02  0.555249214      0.329858601    
   48.4588470       6.54785484E-02  0.555127323      0.329906285    
   48.5004883       6.54907674E-02  0.555005908      0.329953671    
   48.5421295       6.55020326E-02  0.554884911      0.330000758    
   48.5837708       6.55123442E-02  0.554764390      0.330047518    
   48.6254120       6.55217022E-02  0.554644406      0.330093950    
   48.6670532       6.55300990E-02  0.554524899      0.330140054    
   48.7086945       6.55375272E-02  0.554405987      0.330185801    
   48.7503357       6.55439943E-02  0.554287612      0.330231190    
   48.7919769       6.55494854E-02  0.554169834      0.330276221    
   48.8336182       6.55540004E-02  0.554052651      0.330320895    
   48.8752594       6.55575395E-02  0.553936064      0.330365181    
   48.9169006       6.55601025E-02  0.553820133      0.330409110    
   48.9585419       6.55616820E-02  0.553704858      0.330452621    
   49.0001831       6.55622855E-02  0.553590298      0.330495745    
   49.0418243       6.55618981E-02  0.553476453      0.330538481    
   49.0834656       6.55605271E-02  0.553363323      0.330580801    
   49.1251068       6.55581653E-02  0.553250909      0.330622703    
   49.1667480       6.55548126E-02  0.553139269      0.330664158    
   49.2083893       6.55504763E-02  0.553028464      0.330705196    
   49.2500305       6.55451491E-02  0.552918434      0.330745786    
   49.2916718       6.55388236E-02  0.552809238      0.330785930    
   49.3333130       6.55315071E-02  0.552700877      0.330825627    
   49.3749542       6.55231997E-02  0.552593410      0.330864847    
   49.4165955       6.55139014E-02  0.552486837      0.330903620    
   49.4582367       6.55036122E-02  0.552381158      0.330941916    
   49.4998779       6.54923320E-02  0.552276373      0.330979705    
   49.5415192       6.54800609E-02  0.552172542      0.331017017    
   49.5831604       6.54668063E-02  0.552069664      0.331053853    
   49.6248016       6.54525608E-02  0.551967800      0.331090182    
   49.6664429       6.54373318E-02  0.551866949      0.331126004    
   49.7080841       6.54211193E-02  0.551767111      0.331161290    
   49.7497253       6.54039308E-02  0.551668286      0.331196070    
   49.7913666       6.53857589E-02  0.551570535      0.331230313    
   49.8330078       6.53666109E-02  0.551473856      0.331264049    
   49.8746490       6.53464943E-02  0.551378250      0.331297249    
   49.9162903       6.53254092E-02  0.551283777      0.331329882    
   49.9579315       6.53033629E-02  0.551190436      0.331361979    
