           2   20.047174453735352        71.492987571360302        73.999999999999943       0.29230883007774633     
           2   20.047174453735352        71.492987571360302        73.999999999999943       0.29230883007774633     
           2   20.047174453735352        71.492987571360302        73.999999999999943       0.29230883007774633     
           4   20.096736907958984        73.888526919837091        74.000000000000028       0.29669752134140442     
           4   20.096736907958984        73.888526919837091        74.000000000000028       0.29669752134140442     
           4   21.021255493164062        74.935893637763797        74.000000000000028       0.29991039762388488     
           4   21.021255493164062        74.935893637763797        74.000000000000028       0.29991039762388488     
           4   21.021255493164062        74.935893637763797        74.000000000000028       0.29991039762388488     
           4   21.384414672851562        74.908231655450720        74.000000000000028       0.30000270015017072     
           9   20.078346252441406        75.363373981079235        74.000000000000071       0.30000270015017072     
           5   20.382476806640625        74.776956855438911        74.000000000000057       0.30062787025229781     
           5   20.593139648437500        74.761128789841308        74.000000000000057       0.30068079344436760     
           9   21.140464782714844        76.824299064351322        74.000000000000071       0.30178079348933884     
           9   21.140464782714844        76.824299064351322        74.000000000000071       0.30178079348933884     
           7   20.233238220214844        77.157672952097187        73.999999999999986       0.30232730717197159     
           2   20.056045532226562        76.498047361997635        73.999999999999943       0.30250482813006374     
           6   20.053756713867188        78.467381642568100        73.999999999999943       0.30454619452363152     
           8   20.449745178222656        77.709935585834870        74.000000000000000       0.30454619452363152     
           6   20.053756713867188        78.467381642568100        73.999999999999943       0.30454619452363152     
           8   20.449745178222656        77.709935585834870        74.000000000000000       0.30454619452363152     
           5   20.300743103027344        77.439588693553461        74.000000000000057       0.30498474820995902     
           2   21.090339660644531        77.539262347376933        73.999999999999943       0.30561869457197621     
           2   21.202453613281250        77.530733498660240        73.999999999999943       0.30564619456860276     
           6   20.361160278320312        78.985959418702478        73.999999999999943       0.30608474825493026     
           6   20.600784301757812        78.967964041574135        73.999999999999943       0.30614171226320552     
           6   20.826446533203125        78.950939472596815        73.999999999999943       0.30619561514837135     
           7   20.543884277343750        78.816993159684856        73.999999999999986       0.30661472024412112     
           9   20.499725341796875        79.063890788742611        74.000000000000071       0.30743951370789335     
           6   20.331619262695312        79.471554740445242        73.999999999999943       0.30771472028909236     
           5   20.188720703125000        78.548414074670603        74.000000000000057       0.30782915087666257     
           5   20.188720703125000        78.548414074670603        74.000000000000057       0.30782915087666257     
           7   20.220565795898438        79.345978109767245        73.999999999999986       0.30810292952941248     
           7   20.220565795898438        79.345978109767245        73.999999999999986       0.30810292952941248     
          10   20.191535949707031        78.784900140247814        74.000000000000000       0.30930503133365767     
           5   20.205718994140625        80.655590420482767        74.000000000000057       0.31063576047800251     
          10   20.198211669921875        79.315569941401563        74.000000000000000       0.31078712982819678     
          10   20.198211669921875        79.315569941401563        74.000000000000000       0.31078712982819678     
           3   20.564941406250000        79.943060421470349        73.999999999999943       0.31099430563051916     
           4   20.160156250000000        80.481723408840494        74.000000000000028       0.31099430563051916     
           3   20.589141845703125        80.941241741390272        73.999999999999943       0.31099999311845750     
           4   20.184692382812500        81.479892474342833        74.000000000000028       0.31099999311845750     
           2   20.366607666015625        80.780071836683319        73.999999999999943       0.31119979643505380     
           9   20.985534667968750        81.689145705773925        74.000000000000071       0.31173576052297375     
           9   20.985534667968750        81.689145705773925        74.000000000000071       0.31173576052297375     
           5   20.269973754882812        82.180186572317879        74.000000000000057       0.31209999316342873     
           5   20.269973754882812        82.180186572317879        74.000000000000057       0.31209999316342873     
          10   20.445648193359375        80.827530785711716        74.000000000000000       0.31229979648002504     
          10   20.473922729492188        80.825407816888671        74.000000000000000       0.31230636292057823     
          10   20.473922729492188        80.825407816888671        74.000000000000000       0.31230636292057823     
           3   21.576522827148438        81.366766315084732        73.999999999999943       0.31277477476447552     
           3   21.834671020507812        81.346919865408765        73.999999999999943       0.31283576056794499     
           6   20.345947265625000        81.721924262002062        73.999999999999943       0.31314403459075119     
           6   20.589569091796875        82.703634125406751        73.999999999999943       0.31319999320839997     
           5   20.476287841796875        82.688731355241174        74.000000000000057       0.31359710006743646     
           5   20.507507324218750        82.686383892895392        74.000000000000057       0.31360419745431484     
           4   21.063720703125000        82.521348319409697        74.000000000000028       0.31393576061291623     
           8   20.252502441406250        82.698790522347991        74.000000000000000       0.31393576061291623     
           9   20.110137939453125        82.802303809786608        74.000000000000071       0.31442825967996946     
           6   20.535614013671875        83.207515504340662        73.999999999999943       0.31470419749928608     
           6   20.535614013671875        83.207515504340662        73.999999999999943       0.31470419749928608     
           6   20.552185058593750        83.206266513265547        73.999999999999943       0.31470795016646302     
          10   20.156646728515625        81.935387173575151        74.000000000000000       0.31503576065788746     
           2   20.183746337890625        82.465014410136021        73.999999999999943       0.31523188199124896     
           2   20.183746337890625        82.465014410136021        73.999999999999943       0.31523188199124896     
           3   20.041229248046875        82.465345246181357        73.999999999999943       0.31552825972494070     
           8   20.978271484375000        83.169283457582509        74.000000000000000       0.31552825972494070     
           9   20.036376953125000        83.343512226188381        74.000000000000071       0.31580795021143426     
           6   20.244110107421875        83.731814463565954        73.999999999999943       0.31613576070285870     
           3   20.002593994140625        83.009190507665664        73.999999999999943       0.31690795025640550     
           3   20.317169189453125        82.985714328850861        73.999999999999943       0.31697866380931378     
           9   20.278656005859375        83.866446870053707        74.000000000000071       0.31723576074782994     
           9   20.278656005859375        83.866446870053707        74.000000000000071       0.31723576074782994     
           9   20.392578125000000        83.857910894188734        74.000000000000071       0.31726120718860373     
           6   20.436523437500000        84.242751859263151        73.999999999999943       0.31759622535710713     
           6   20.508819580078125        84.237328493540517        73.999999999999943       0.31761232033318132     
          10   20.859527587890625        82.992236945445882        74.000000000000000       0.31788907877207023     
           8   20.462158203125000        85.255601367791030        74.000000000000000       0.31824388079542226     
           3   20.060333251953125        83.525064481466700        73.999999999999943       0.31836120723357497     
           7   20.118713378906250        83.921562194916362        73.999999999999986       0.31852689336237267     
           9   20.430053710937500        84.369283988781248        74.000000000000071       0.31871232037815256     
           5   20.360382080078125        84.934498791818712        74.000000000000057       0.31886406659051725     
           5   20.449707031250000        84.927802089248203        74.000000000000057       0.31888377874129831     
           5   20.449707031250000        84.927802089248203        74.000000000000057       0.31888377874129831     
           4   20.975128173828125        83.723211616612531        74.000000000000028       0.31934388084039350     
           8   20.178344726562500        85.785265241163401        74.000000000000000       0.31962689340734390     
           3   20.411834716796875        84.037944243909593        73.999999999999943       0.31981232042312380     
           3   20.411834716796875        84.037944243909593        73.999999999999943       0.31981232042312380     
           6   20.195251464843750        85.343205752907934        73.999999999999943       0.32025614407391190     
           2   20.163696289062500        84.727917672326171        73.999999999999943       0.32044388088536474     
          10   20.941711425781250        84.042427515027285        74.000000000000000       0.32072689345231514     
           3   20.330993652343750        85.556696804000595        73.999999999999943       0.32123236993339804     
           7   20.533081054687500        86.002256009231900        73.999999999999986       0.32123236993339804     
           9   20.266113281250000        86.469800961490947        74.000000000000071       0.32135614411888314     
           5   20.343200683593750        86.022362722509328        74.000000000000057       0.32154388093033598     
           6   20.503540039062500        86.848536993469168        73.999999999999943       0.32169577219956919     
           2   20.186584472656250        86.257190520567022        73.999999999999943       0.32182689349728638     
           4   20.145324707031250        85.833012491499957        74.000000000000028       0.32196200286911425     
           3   20.387634277343750        86.070610698064812        73.999999999999943       0.32264388097530722     
           7   20.429016113281250        86.512913975040661        73.999999999999986       0.32264388097530722     
           3   20.387634277343750        86.070610698064812        73.999999999999943       0.32264388097530722     
           7   20.429016113281250        86.512913975040661        73.999999999999986       0.32264388097530722     
           5   20.297119140625000        86.542884164630706        74.000000000000057       0.32292689354225762     
           6   20.232910156250000        87.373539871667276        73.999999999999943       0.32306200291408549     
           6   20.242309570312500        87.372843797272878        73.999999999999943       0.32306399458447027     
           6   20.242309570312500        87.372843797272878        73.999999999999943       0.32306399458447027     
           4   21.769897460937500        86.241863791088875        74.000000000000028       0.32367406102315738     
           8   21.350219726562500        87.380577364738897        74.000000000000000       0.32367406102315738     
           4   22.081909179687500        87.217781527366128        74.000000000000028       0.32374388102027846     
           8   21.668823242187500        88.356177125506591        74.000000000000000       0.32374388102027846     
           3   20.293518066406250        86.591388012483307        73.999999999999943       0.32402689358722886     
           7   20.331176757812500        87.030729155376022        73.999999999999986       0.32402689358722886     
           2   22.155395507812500        87.213202480401719        73.999999999999943       0.32484388106524970     
           6   22.175903320312500        87.749735336152227        73.999999999999943       0.32484388106524970     
           2   22.334472656250000        87.199284362529710        73.999999999999943       0.32488378106941079     
           6   22.356201171875000        87.735731594460475        73.999999999999943       0.32488378106941079     
           4   20.313232421875000        87.736620490689276        74.000000000000028       0.32512689363220010     
           8   20.391357421875000        88.868735814365550        74.000000000000000       0.32512689363220010     
           3   20.816284179687500        87.072666828530075        73.999999999999943       0.32551327301435401     
           7   20.848266601562500        87.509439027197416        73.999999999999986       0.32551327301435401     
          10   21.198730468750000        87.226836233025850        74.000000000000000       0.32598378111438203     
           2   20.165161132812500        87.729216292815778        73.999999999999943       0.32622689367717134     
           6   20.215698242187500        88.261692377321324        73.999999999999943       0.32622689367717134     
           4   20.059204101562500        87.274243817348605        74.000000000000028       0.32644789090567100     
           8   20.133300781250000        88.400392832837142        74.000000000000000       0.32644789090567100     
           9   20.738281250000000        88.688419409218184        74.000000000000071       0.32644789090567100     
           3   21.221923828125000        87.522997687176584        73.999999999999943       0.32708378115935327     
           5   22.008300781250000        88.087485776309549        74.000000000000057       0.32708378115935327     
           7   21.255371093750000        87.957034669017673        73.999999999999986       0.32708378115935327     
           4   22.009521484375000        88.664086440187504        74.000000000000028       0.32818378120432451     
           8   22.104492187500000        89.782443055883064        74.000000000000000       0.32818378120432451     
           9   22.080322265625000        89.072198642344588        74.000000000000071       0.32818378120432451     
           3   20.625366210937500        88.018323926924083        73.999999999999943       0.32851586877184841     
           5   20.653686523437500        88.580467858065646        74.000000000000057       0.32851586877184841     
           3   20.692504882812500        89.013277065304109        73.999999999999943       0.32853020387302601     
           5   20.721069335937500        88.575388763809272        74.000000000000057       0.32853020387302601     
           2   22.597900390625000        88.650287904247278        73.999999999999943       0.32928378124929575     
           2   23.018920898437500        88.617212655814257        73.999999999999943       0.32937707316324599     
           2   23.018920898437500        88.617212655814257        73.999999999999943       0.32937707316324599     
           2   23.018920898437500        88.617212655814257        73.999999999999943       0.32937707316324599     
           4   20.013305664062500        88.204783564335941        74.000000000000028       0.32948221181086501     
           7   20.322387695312500        89.052060383706205        73.999999999999986       0.32963020391799724     
           7   20.669189453125000        90.026062954909534        73.999999999999986       0.32970319836698952     
          10   20.123779296875000        88.914103819784472        74.000000000000000       0.32970319836698952     
           5   22.987426757812500        88.888380168447227        74.000000000000057       0.33046342321175254     
           6   22.718872070312500        89.750262852182956        73.999999999999943       0.33046342321175254     
           5   23.024536132812500        88.885456776428001        74.000000000000057       0.33047164543407087     
           6   22.756469726562500        89.747311114265713        73.999999999999943       0.33047164543407087     
           5   23.048828125000000        88.883526996639773        74.000000000000057       0.33047707320821723     
           6   22.781372070312500        89.745362622877849        73.999999999999943       0.33047707320821723     
           2   20.681640625000000        90.107864790399901        73.999999999999943       0.33080319841196076     
           8   20.799804687500000        90.840955150018573        74.000000000000000       0.33080319841196076     
           2   20.767089843750000        90.101373108757855        73.999999999999943       0.33082120992380259     
           8   20.886474609375000        90.834410654016310        74.000000000000000       0.33082120992380259     
           7   20.092529296875000        90.560290877671008        73.999999999999986       0.33099999267142266     
          10   20.050048828125000        90.451973580520757        74.000000000000000       0.33099999267142266     
           3   22.668212890625000        89.928317758992534        73.999999999999943       0.33157707325318847     
           3   23.009765625000000        89.901437292603205        73.999999999999943       0.33165181190414705     
           5   20.113037109375000        91.416745308783831        74.000000000000057       0.33177130937026428     
           6   20.114990234375000        91.278099242330867        73.999999999999943       0.33177130937026428     
           9   20.503417968750000        91.730512257999436        74.000000000000071       0.33192120996877383     
           2   20.069580078125000        91.637279156795913        73.999999999999943       0.33209999271639390     
           4   20.761718750000000        90.266676197109973        74.000000000000028       0.33209999271639390     
           8   20.115966796875000        92.366576692332330        74.000000000000000       0.33209999271639390     
           7   22.339843750000000        90.923240050827815        73.999999999999986       0.33275181194911829     
          10   22.327148437500000        90.815976707507744        74.000000000000000       0.33275181194911829     
           5   20.820800781250000        91.895812878765170        74.000000000000057       0.33319999276136514     
           9   20.113769531250000        92.262496656522345        74.000000000000071       0.33319999276136514     
           2   22.371093750000000        91.997395886054406        73.999999999999943       0.33385181199408953     
           2   22.690673828125000        91.972450506215367        73.999999999999943       0.33391960946329741     
           7   20.125000000000000        92.454711721619091        73.999999999999986       0.33403060863278095     
          10   20.110351562500000        91.348592656761753        74.000000000000000       0.33403060863278095     
           3   21.059326171875000        90.940301844408879        73.999999999999943       0.33429999280633638     
           6   20.564208984375000        92.353800665848823        73.999999999999943       0.33429999280633638     
           3   21.287353515625000        90.922970273082115        73.999999999999943       0.33434764281058804     
           6   20.797851562500000        92.336199707296075        73.999999999999943       0.33434764281058804     
           3   21.381103515625000        90.915776732170272        73.999999999999943       0.33436742281081921     
           6   20.894531250000000        92.328894356093357        73.999999999999943       0.33436742281081921     
           4   22.361572265625000        91.205210966878354        74.000000000000028       0.33501960950826865     
           5   22.743408203125000        92.226775136632853        74.000000000000057       0.33501960950826865     
           8   22.551513671875000        92.289490694886283        74.000000000000000       0.33501960950826865     
           9   22.776855468750000        92.590720797087684        74.000000000000071       0.33501960950826865     
           2   21.451904296875000        92.403438488452053        73.999999999999943       0.33546742285579045     
           7   20.933593750000000        92.924874755471208        73.999999999999986       0.33546742285579045     
          10   20.916992187500000        91.820435773885222        74.000000000000000       0.33546742285579045     
           3   22.368408203125000        91.276408522080757        73.999999999999943       0.33611960955323988     
           6   22.431640625000000        92.684046923514941        73.999999999999943       0.33611960955323988     
           4   21.432861328125000        91.637890464392953        74.000000000000028       0.33656742290076169     
           5   21.475585937500000        92.655750094403359        74.000000000000057       0.33656742290076169     
           8   21.532714843750000        93.714137441298476        74.000000000000000       0.33656742290076169     
           9   21.504394531250000        93.017449435929095        74.000000000000071       0.33656742290076169     
           2   22.470703125000000        92.755465074573294        73.999999999999943       0.33721960959821112     
           7   22.481933593750000        93.275864850970152        73.999999999999986       0.33721960959821112     
          10   22.445068359375000        92.174749205231166        74.000000000000000       0.33721960959821112     
           3   21.437988281250000        91.708648579224615        73.999999999999943       0.33766742294573293     
           6   21.486816406250000        93.111989191681317        73.999999999999943       0.33766742294573293     
           4   22.429687500000000        91.993478836535871        74.000000000000028       0.33831960964318236     
           5   22.492675781250000        93.006014474961106        74.000000000000057       0.33831960964318236     
           8   22.548828125000000        94.059615134421804        74.000000000000000       0.33831960964318236     
           9   22.522949218750000        93.365187620398643        74.000000000000071       0.33831960964318236     
           2   21.515625000000000        93.181176890770033        73.999999999999943       0.33876742299070417     
           7   21.531250000000000        93.700154343578319        73.999999999999986       0.33876742299070417     
          10   21.505859375000000        92.601444589363084        74.000000000000000       0.33876742299070417     
           6   22.497070312500000        93.461672434492044        73.999999999999943       0.33941960968815360     
           4   21.492919921875000        92.421293044450366        74.000000000000028       0.33986742303567541     
           5   21.534179687500000        93.430179868375774        74.000000000000057       0.33986742303567541     
           8   21.591796875000000        94.479067220546781        74.000000000000000       0.33986742303567541     
           9   21.562011718750000        93.787136151454206        74.000000000000071       0.33986742303567541     
           4   21.729980468750000        93.403073056920405        74.000000000000028       0.33991671303994625     
           5   21.773925781250000        93.411760988309851        74.000000000000057       0.33991671303994625     
           8   21.833496093750000        94.460441562217454        74.000000000000000       0.33991671303994625     
           9   21.802734375000000        93.768646900818766        74.000000000000071       0.33991671303994625     
           4   21.729980468750000        93.403073056920405        74.000000000000028       0.33991671303994625     
           5   21.773925781250000        93.411760988309851        74.000000000000057       0.33991671303994625     
           8   21.833496093750000        94.460441562217454        74.000000000000000       0.33991671303994625     
           9   21.802734375000000        93.768646900818766        74.000000000000071       0.33991671303994625     
           2   22.536621093750000        93.527771562911923        73.999999999999943       0.34051960973312484     
           3   22.229492187500000        92.656946799310319        73.999999999999943       0.34051960973312484     
           7   22.547363281250000        94.045729698053805        73.999999999999986       0.34051960973312484     
          10   22.510742187500000        92.950303265369485        74.000000000000000       0.34051960973312484     
           6   21.704101562500000        93.872715088623977        73.999999999999943       0.34099999244790524     
           6   21.784667968750000        94.866436852201147        73.999999999999943       0.34101671308491749     
           4   22.319824218750000        94.766536435851236        74.000000000000028       0.34161960977809608     
           5   22.351562500000000        94.772756708500410        74.000000000000057       0.34161960977809608     
           8   22.407226562500000        95.816727057774997        74.000000000000000       0.34161960977809608     
           9   22.382324218750000        95.127219922163334        74.000000000000071       0.34161960977809608     
           2   21.873535156250000        94.925738579439624        73.999999999999943       0.34211671312988873     
           3   21.806152343750000        94.060459272394752        73.999999999999943       0.34211671312988873     
           7   21.888671875000000        95.442384768554163        73.999999999999986       0.34211671312988873     
          10   21.858886718750000        94.349543732962061        74.000000000000000       0.34211671312988873     
           6   22.409179687500000        95.222441673268520        73.999999999999943       0.34271960982306732     
           4   21.885742187500000        95.163058293288074        74.000000000000028       0.34321671317485997     
           5   21.912109375000000        95.167252517100565        74.000000000000057       0.34321671317485997     
           8   21.967773437500000        96.206561247711377        74.000000000000000       0.34321671317485997     
           9   21.938476562500000        95.519458490920897        74.000000000000071       0.34321671317485997     
           2   22.444335937500000        95.278932153016072        73.999999999999943       0.34381960986803856     
           3   22.373535156250000        94.419526743217219        73.999999999999943       0.34381960986803856     
           7   22.456054687500000        95.794479801357596        73.999999999999986       0.34381960986803856     
          10   22.421386718750000        94.704667117945576        74.000000000000000       0.34381960986803856     
           6   21.922851562500000        95.616060302876122        73.999999999999943       0.34431671321983121     
           4   22.431640625000000        95.517049517298730        74.000000000000028       0.34491960991300979     
           5   22.463867187500000        95.518806587638210        74.000000000000057       0.34491960991300979     
           8   22.517578125000000        96.553468713818276        74.000000000000000       0.34491960991300979     
           9   22.493164062500000        95.868621632098723        74.000000000000071       0.34491960991300979     
           2   21.952148437500000        95.670204610541532        73.999999999999943       0.34541671326480244     
           3   21.887207031250000        94.816271938271342        73.999999999999943       0.34541671326480244     
           7   21.965332031250000        96.184455662958726        73.999999999999986       0.34541671326480244     
          10   21.939453125000000        95.097192627996904        74.000000000000000       0.34541671326480244     
           6   22.470703125000000        95.966976349617525        73.999999999999943       0.34601960995798103     
           4   21.944335937500000        95.908792069113645        74.000000000000028       0.34651671330977368     
           5   21.969726562500000        95.908551512516595        74.000000000000057       0.34651671330977368     
           8   22.024414062500000        96.938611295272793        74.000000000000000       0.34651671330977368     
           9   21.998046875000000        96.256138916913315        74.000000000000071       0.34651671330977368     
           2   22.505859375000000        96.018344420628821        73.999999999999943       0.34711961000295227     
           3   22.434082031250000        95.170208619647610        73.999999999999943       0.34711961000295227     
           7   22.516601562500000        96.531513191516396        73.999999999999986       0.34711961000295227     
          10   22.484375000000000        95.447240642808296        74.000000000000000       0.34711961000295227     
           6   21.979492187500000        96.355853744392093        73.999999999999943       0.34761671335474492     
           4   22.494140625000000        96.257720923625300        74.000000000000028       0.34821961004792351     
           5   22.523437500000000        96.255073318798978        74.000000000000057       0.34821961004792351     
           8   22.579101562500000        97.280549283058292        74.000000000000000       0.34821961004792351     
           9   22.553710937500000        96.600301146720412        74.000000000000071       0.34821961004792351     
           2   22.007812500000000        96.404908263081580        73.999999999999943       0.34871671339971616     
           3   21.943359375000000        95.562173434184686        73.999999999999943       0.34871671339971616     
           7   22.023437500000000        96.916795586857930        73.999999999999986       0.34871671339971616     
          10   21.999023437500000        95.835037406739389        74.000000000000000       0.34871671339971616     
           6   22.532226562500000        96.701747747241569        73.999999999999943       0.34931961009289475     
           4   22.000000000000000        96.644746842107892        74.000000000000028       0.34981671344468740     
           5   22.028320312500000        96.640129659541415        74.000000000000057       0.34981671344468740     
           8   22.082031250000000        97.661061778324992        74.000000000000000       0.34981671344468740     
           9   22.055664062500000        96.983159059028196        74.000000000000071       0.34981671344468740     
           2   22.568359375000000        96.748060581007479        73.999999999999943       0.35041961013786599     
           3   22.495117187500000        95.911046607504090        73.999999999999943       0.35041961013786599     
           7   22.577148437500000        97.258881669285856        73.999999999999986       0.35041961013786599     
          10   22.541015625000000        96.180076606040487        74.000000000000000       0.35041961013786599     
           6   22.035156250000000        97.085946080240490        73.999999999999943       0.35091671348965864     
           6   22.452148437500000        98.053610687242539        73.999999999999943       0.35099999222438782     
           4   22.583007812500000        97.986603397994216        74.000000000000028       0.35151961018283723     
           5   22.612304687500000        97.979608877664234        74.000000000000057       0.35151961018283723     
           8   22.664062500000000        98.996019140556328        74.000000000000000       0.35151961018283723     
           9   22.636718750000000        98.320309642421691        74.000000000000071       0.35151961018283723     
           2   22.542968750000000        98.093237161235862        73.999999999999943       0.35209999226935906     
           3   22.470703125000000        97.261830335619365        73.999999999999943       0.35209999226935906     
           7   22.547851562500000        98.602955100049812        73.999999999999986       0.35209999226935906     
          10   22.523437500000000        97.526655009101376        74.000000000000000       0.35209999226935906     
           6   22.251953125000000        98.420426362620262        73.999999999999943       0.35261961022780847     
           4   22.552734375000000        98.330192162841158        74.000000000000028       0.35319999231433030     
           5   22.582031250000000        98.320925663046737        74.000000000000057       0.35319999231433030     
           8   22.632812500000000        99.332845839861861        74.000000000000000       0.35319999231433030     
           9   22.611328125000000        98.659344076931148        74.000000000000071       0.35319999231433030     
           2   22.285156250000000        98.457720634084438        73.999999999999943       0.35371961027277971     
           3   22.218750000000000        97.631682644614557        73.999999999999943       0.35371961027277971     
           7   22.295898437500000        98.966223366325806        73.999999999999986       0.35371961027277971     
          10   22.268554687500000        97.892483183250405        74.000000000000000       0.35371961027277971     
           6   22.589843750000000        98.761108951947563        73.999999999999943       0.35429999235930154     
           4   22.277343750000000        98.695221804501173        74.000000000000028       0.35481961031775094     
           5   22.308593750000000        98.683938830118365        74.000000000000057       0.35481961031775094     
           8   22.351562500000000        99.691400813359593        74.000000000000000       0.35481961031775094     
           9   22.330078125000000        99.020171896279905        74.000000000000071       0.35481961031775094     
           2   22.617187500000000        98.795834553792545        73.999999999999943       0.35539999240427278     
           3   22.553710937500000        97.975330184206896        73.999999999999943       0.35539999240427278     
           7   22.634765625000000        99.303249667212427        73.999999999999986       0.35539999240427278     
          10   22.599609375000000        98.232312124074383        74.000000000000000       0.35539999240427278     
           6   22.306640625000000        99.123355934670627        73.999999999999943       0.35591961036272218     
           4   22.607421875000000        99.034063542026658        74.000000000000028       0.35649999244924402     
           5   22.638671875000000        99.020537316488415        74.000000000000057       0.35649999244924402     
           8   22.689453125000000        100.02356915808483        74.000000000000000       0.35649999244924402     
           9   22.658203125000000        99.354517960843253        74.000000000000071       0.35649999244924402     
           2   22.339843750000000        99.155780981524970        73.999999999999943       0.35701961040769342     
           3   22.273437500000000        98.340575045127721        73.999999999999943       0.35701961040769342     
           7   22.355468750000000        99.661995758940876        73.999999999999986       0.35701961040769342     
          10   22.322265625000000        98.593583494851998        74.000000000000000       0.35701961040769342     
           6   22.644531250000000        99.459329606119212        73.999999999999943       0.35759999249421526     
           4   22.333984375000000        99.394547911761180        74.000000000000028       0.35811961045266466     
           5   22.359375000000000        99.379032718949688        74.000000000000057       0.35811961045266466     
           8   22.406250000000000        100.37766376368091        74.000000000000000       0.35811961045266466     
           9   22.382812500000000        99.710856672620196        74.000000000000071       0.35811961045266466     
           2   22.681640625000000        99.489218602239291        73.999999999999943       0.35869999253918650     
           3   22.613281250000000        98.679473721915599        73.999999999999943       0.35869999253918650     
           7   22.683593750000000        99.994361087819257        73.999999999999986       0.35869999253918650     
          10   22.658203125000000        98.928715771993950        74.000000000000000       0.35869999253918650     
           6   22.365234375000000        99.817067806654151        73.999999999999943       0.35921961049763590     
           4   22.664062500000000        99.728704870981034        74.000000000000028       0.35979999258415774     
           5   22.699218750000000        99.710974778601255        74.000000000000057       0.35979999258415774     
           8   22.746093750000000        100.70523484005273        74.000000000000000       0.35979999258415774     
           9   22.720703125000000        100.04057584706371        74.000000000000071       0.35979999258415774     
           2   22.400390625000000        99.844687480319635        73.999999999999943       0.36031961054260714     
           3   22.330078125000000        99.040171553438569        73.999999999999943       0.36031961054260714     
           7   22.406250000000000        100.34864430546251        73.999999999999986       0.36031961054260714     
          10   22.376953125000000        99.285490093959368        74.000000000000000       0.36031961054260714     
           6   22.701171875000000        100.14839430950073        73.999999999999943       0.36089999262912897     
           4   20.199218750000000        100.25115435785246        74.000000000000028       0.36099999200087041     
           5   20.203125000000000        101.23310924845202        74.000000000000057       0.36099999200087041     
           6   23.210937500000000        101.10834321415604        73.999999999999943       0.36099999200087041     
           8   20.263671875000000        101.22300821698749        74.000000000000000       0.36099999200087041     
           9   20.232421875000000        101.56113202348757        74.000000000000071       0.36099999200087041     
           2   23.300781250000000        101.12905864961779        73.999999999999943       0.36209999204584165     
           3   23.230468750000000        100.33025175121215        73.999999999999943       0.36209999204584165     
           7   23.308593750000000        101.63215710804830        73.999999999999986       0.36209999204584165     
          10   23.277343750000000        101.57175878517904        74.000000000000000       0.36209999204584165     
           4   25.398437500000000        101.36571829902674        74.000000000000028       0.36319999209081288     
           5   25.460937500000000        101.34177578992279        74.000000000000057       0.36319999209081288     
           6   25.449218750000000        101.21810287997188        73.999999999999943       0.36319999209081288     
           8   25.488281250000000        102.32905736389678        74.000000000000000       0.36319999209081288     
           9   25.496093750000000        101.66692462828831        74.000000000000071       0.36319999209081288     
           2   25.445312500000000        101.23863681934819        73.999999999999943       0.36429999213578412     
           3   25.367187500000000        100.44682858265845        73.999999999999943       0.36429999213578412     
           7   25.445312500000000        101.74171776848247        73.999999999999986       0.36429999213578412     
          10   25.437500000000000        101.68184861909783        74.000000000000000       0.36429999213578412     
           4   25.417968750000000        101.47761333475994        74.000000000000028       0.36539999218075536     
           5   25.468750000000000        101.44949026104325        74.000000000000057       0.36539999218075536     
           6   25.460937500000000        101.32690089814469        73.999999999999943       0.36539999218075536     
           8   25.515625000000000        102.43251220682968        74.000000000000000       0.36539999218075536     
           9   25.503906250000000        101.77179034242934        74.000000000000071       0.36539999218075536     
           2   25.445312500000000        101.34725493159419        73.999999999999943       0.36649999222572660     
           3   25.376953125000000        100.56238403858981        73.999999999999943       0.36649999222572660     
           7   25.453125000000000        101.85031852483810        73.999999999999986       0.36649999222572660     
          10   25.453125000000000        101.79097391264087        74.000000000000000       0.36649999222572660     
           4   25.421875000000000        101.58852801403359        74.000000000000028       0.36759999227069784     
           5   25.476562500000000        101.55626100327656        74.000000000000057       0.36759999227069784     
           6   25.460937500000000        101.43474569404805        73.999999999999943       0.36759999227069784     
           8   25.531250000000000        102.53506064115496        74.000000000000000       0.36759999227069784     
           9   25.519531250000000        101.87573728676465        74.000000000000071       0.36759999227069784     
           2   25.476562500000000        101.45492139779741        73.999999999999943       0.36869999231566908     
           3   25.384765625000000        100.67692706767920        73.999999999999943       0.36869999231566908     
           7   25.464843750000000        101.95796778721272        73.999999999999986       0.36869999231566908     
          10   25.464843750000000        101.89914311652606        74.000000000000000       0.36869999231566908     
           4   25.441406250000000        101.69847092613658        74.000000000000028       0.36979999236064032     
           5   25.492187500000000        101.66209628500303        74.000000000000057       0.36979999236064032     
           6   25.472656250000000        101.54164561923753        73.999999999999943       0.36979999236064032     
           8   25.535156250000000        102.63671060827524        74.000000000000000       0.36979999236064032     
           9   25.523437500000000        101.97877351099818        74.000000000000071       0.36979999236064032     
           2   25.480468750000000        101.56164455570345        73.999999999999943       0.37089999240561156     
           3   25.402343750000000        100.79046654019676        73.999999999999943       0.37089999240561156     
           7   25.480468750000000        102.06467389201967        73.999999999999986       0.37089999240561156     
          10   25.476562500000000        102.00636460743134        74.000000000000000       0.37089999240561156     
           2   25.964843750000000        102.52102827685535        73.999999999999943       0.37099999177735299     
           3   25.886718750000000        101.75015866893162        73.999999999999943       0.37099999177735299     
           4   20.316406250000000        102.21148819595874        74.000000000000028       0.37099999177735299     
           5   20.320312500000000        103.17488781715332        74.000000000000057       0.37099999177735299     
           6   20.308593750000000        103.05501392892963        73.999999999999943       0.37099999177735299     
           7   25.976562500000000        103.02385644293764        73.999999999999986       0.37099999177735299     
           8   20.371093750000000        103.14523512104994        74.000000000000000       0.37099999177735299     
           9   20.339843750000000        103.49004863549065        74.000000000000071       0.37099999177735299     
          10   25.968750000000000        102.96557047725254        74.000000000000000       0.37099999177735299     
           2   51.757812500000000        100.46614757532460        73.999999999999943       0.38099999155383557     
           3   51.591796875000000        99.725504196405808        73.999999999999943       0.38099999155383557     
           4   51.687500000000000        100.16874473433889        74.000000000000028       0.38099999155383557     
           5   51.900390625000000        101.09436891689356        74.000000000000057       0.38099999155383557     
           6   51.875000000000000        100.97919535095512        73.999999999999943       0.38099999155383557     
           7   51.863281250000000        100.94925956743674        73.999999999999986       0.38099999155383557     
           8   51.896484375000000        101.06587891960957        74.000000000000000       0.38099999155383557     
           9   51.964843750000000        101.39717210305740        74.000000000000071       0.38099999155383557     
          10   51.853515625000000        100.89325902710564        74.000000000000000       0.38099999155383557     
           2   51.317382812500000        98.491839896810774        73.999999999999943       0.39099999133031815     
           3   51.156250000000000        97.780237559531287        73.999999999999943       0.39099999133031815     
           4   51.250000000000000        98.206098387762339        74.000000000000028       0.39099999133031815     
           5   51.449218750000000        99.095428327779985        74.000000000000057       0.39099999133031815     
           6   51.427734375000000        98.984770781857890        73.999999999999943       0.39099999133031815     
           7   51.419921875000000        98.956008797174974        73.999999999999986       0.39099999133031815     
           8   51.441406250000000        99.068055439243579        74.000000000000000       0.39099999133031815     
           9   51.521484375000000        99.386358431447988        74.000000000000071       0.39099999133031815     
          10   51.412109375000000        98.902204069389896        74.000000000000000       0.39099999133031815     
           2   50.882812500000000        96.594945927961390        73.999999999999943       0.40099999110680073     
           3   50.723144531250000        95.911245916815886        73.999999999999943       0.40099999110680073     
           4   50.819335937500000        96.320408503494747        74.000000000000028       0.40099999110680073     
           5   51.016601562500000        97.174867318549630        74.000000000000057       0.40099999110680073     
           6   50.994140625000000        97.068548716970113        73.999999999999943       0.40099999110680073     
           7   50.985351562500000        97.040914505812978        73.999999999999986       0.40099999110680073     
           8   51.011718750000000        97.148567736301246        74.000000000000000       0.40099999110680073     
           9   51.080078125000000        97.454389889935257        74.000000000000071       0.40099999110680073     
          10   50.973632812500000        96.989219491534399        74.000000000000000       0.40099999110680073     
           2   50.458496093750000        94.772430233869713        73.999999999999943       0.41099999088328332     
           3   50.303710937500000        94.115538483025489        73.999999999999943       0.41099999088328332     
           4   50.396972656250000        94.508657575554253        74.000000000000028       0.41099999088328332     
           5   50.588867187500000        95.329612581983568        74.000000000000057       0.41099999088328332     
           6   50.565917968750000        95.227462792309211        73.999999999999943       0.41099999088328332     
           7   50.558593750000000        95.200912134046391        73.999999999999986       0.41099999088328332     
           8   50.583496093750000        95.304344221082630        74.000000000000000       0.41099999088328332     
           9   50.652832031250000        95.598174916815694        74.000000000000071       0.41099999088328332     
          10   50.546386718750000        95.151244110226301        74.000000000000000       0.41099999088328332     
           2   50.041992187500000        93.021376400731498        73.999999999999943       0.42099999065976590     
           3   49.892089843750000        92.390241743289820        73.999999999999943       0.42099999065976590     
           4   49.981689453125000        92.767946416058280        74.000000000000028       0.42099999065976590     
           5   50.171386718750000        93.556711316960019        74.000000000000057       0.42099999065976590     
           6   50.147216796875000        93.458566877741518        73.999999999999943       0.42099999065976590     
           7   50.142333984375000        93.433057285657256        73.999999999999986       0.42099999065976590     
           8   50.164550781250000        93.532433742639995        74.000000000000000       0.42099999065976590     
           9   50.232910156250000        93.814743172251511        74.000000000000071       0.42099999065976590     
          10   50.130859375000000        93.385336772864676        74.000000000000000       0.42099999065976590     
           2   49.637695312500000        91.338982368960927        73.999999999999943       0.43099999043624848     
           3   49.489746093750000        90.732594854865809        73.999999999999943       0.43099999043624848     
           4   49.578125000000000        91.095489515904674        74.000000000000028       0.43099999043624848     
           5   49.762451171875000        91.853326503342657        74.000000000000057       0.43099999043624848     
           6   49.739501953125000        91.759030362545673        73.999999999999943       0.43099999043624848     
           7   49.733398437500000        91.734521015852124        73.999999999999986       0.43099999043624848     
           8   49.756347656250000        91.830000866306889        74.000000000000000       0.43099999043624848     
           9   49.822265625000000        92.101240785093239        74.000000000000071       0.43099999043624848     
          10   49.721923828125000        91.688671651089095        74.000000000000000       0.43099999043624848     
           2   49.241333007812500        89.722555949297671        73.999999999999943       0.44099999021273106     
           3   49.096557617187500        89.139945229200364        73.999999999999943       0.44099999021273106     
           4   49.183349609375000        89.488610587362984        74.000000000000028       0.44099999021273106     
           5   49.362792968750000        90.216732362143404        74.000000000000057       0.44099999021273106     
           6   49.340576171875000        90.126133625831841        73.999999999999943       0.44099999021273106     
           7   49.334960937500000        90.102585304347116        73.999999999999986       0.44099999021273106     
           8   49.357421875000000        90.194321336397905        74.000000000000000       0.44099999021273106     
           9   49.421508789062500        90.454925786077368        74.000000000000071       0.44099999021273106     
          10   49.324340820312500        90.058533718851550        74.000000000000000       0.44099999021273106     
           2   48.854125976562500        88.169510514729879        73.999999999999943       0.45099998998921365     
           3   48.713256835937500        87.609744287222995        73.999999999999943       0.45099998998921365     
           4   48.797607421875000        87.944738281443406        74.000000000000028       0.45099998998921365     
           5   48.972900390625000        88.644309993694748        74.000000000000057       0.45099998998921365     
           6   48.951538085937500        88.557263684568213        73.999999999999943       0.45099998998921365     
           7   48.945556640625000        88.534638705955714        73.999999999999986       0.45099998998921365     
           8   48.967773437500000        88.622777716818646        74.000000000000000       0.45099998998921365     
           9   49.030395507812500        88.873163720090645        74.000000000000071       0.45099998998921365     
          10   48.935058593750000        88.492314407795831        74.000000000000000       0.45099998998921365     
           3   24.465820312500000        87.804831732117222        73.999999999999943       0.45329375651251813     
           6   24.568115234375000        89.743697336635350        73.999999999999943       0.45329375651251813     
           8   24.574951171875000        88.808613022441421        74.000000000000000       0.45329375651251813     
           9   24.602294921875000        89.056712224403398        74.000000000000071       0.45329375651251813     
           3   24.471923828125000        87.804328235562679        73.999999999999943       0.45329519008396346     
           6   24.574340820312500        89.743182722103228        73.999999999999943       0.45329519008396346     
           8   24.581176757812500        89.808103769934604        74.000000000000000       0.45329519008396346     
           9   24.608276367187500        89.056201549228931        74.000000000000071       0.45329519008396346     
           3   24.474853515625000        87.804086843674995        73.999999999999943       0.45329587738555882     
           6   24.577392578125000        89.742935999911751        73.999999999999943       0.45329587738555882     
           8   24.584228515625000        89.807856869262011        74.000000000000000       0.45329587738555882     
           9   24.611328125000000        89.055956715687870        74.000000000000071       0.45329587738555882     
           3   24.493408203125000        88.802581922380199        73.999999999999943       0.45330016230624381     
           6   24.596191406250000        89.741397847642318        73.999999999999943       0.45330016230624381     
           8   24.603271484375000        89.806317604279002        74.000000000000000       0.45330016230624381     
           9   24.630126953125000        89.054430337924515        74.000000000000071       0.45330016230624381     
           3   24.506225585937500        88.801550831708568        73.999999999999943       0.45330306508405549     
           6   24.609008789062500        89.740355856337828        73.999999999999943       0.45330306508405549     
           8   24.615966796875000        89.805274859188373        74.000000000000000       0.45330306508405549     
           9   24.642700195312500        89.053396323029901        74.000000000000071       0.45330306508405549     
           7   24.194702148437500        89.328474005685649        73.999999999999986       0.45440306512902673     
          10   24.187377929687500        89.286721935090611        74.000000000000000       0.45440306512902673     
           7   24.533569335937500        89.301000791037467        73.999999999999986       0.45447996513362021     
          10   24.526245117187500        89.259261561405069        74.000000000000000       0.45447996513362021     
           7   24.588256835937500        89.296573357123506        73.999999999999986       0.45449236013376504     
          10   24.580566406250000        89.254836196870841        74.000000000000000       0.45449236013376504     
           7   24.624023437500000        89.293643683795750        73.999999999999986       0.45450056235608316     
          10   24.616699218750000        89.251907892870491        74.000000000000000       0.45450056235608316     
           7   24.624023437500000        89.293643683795750        73.999999999999986       0.45450056235608316     
          10   24.616699218750000        89.251907892870491        74.000000000000000       0.45450056235608316     
           7   24.624023437500000        89.293643683795750        73.999999999999986       0.45450056235608316     
          10   24.616699218750000        89.251907892870491        74.000000000000000       0.45450056235608316     
           2   24.141479492187500        88.544944374020943        73.999999999999943       0.45558306240454471     
           3   24.529663085937500        88.991010132065853        73.999999999999943       0.45558306240454471     
           5   24.298095703125000        90.006826839810316        74.000000000000057       0.45558306240454471     
           9   24.560668945312500        89.240213675361261        74.000000000000071       0.45558306240454471     
           2   24.143676757812500        88.544781612461790        73.999999999999943       0.45558352195000462     
           3   24.531616210937500        88.990846550557478        73.999999999999943       0.45558352195000462     
           5   24.300292968750000        90.006661391047842        74.000000000000057       0.45558352195000462     
           9   24.562744140625000        90.240049635771882        74.000000000000071       0.45558352195000462     
           2   24.218261718750000        89.538746446080921        73.999999999999943       0.45560056240105440     
           3   24.605834960937500        88.984780980621835        73.999999999999943       0.45560056240105440     
           5   24.375976562500000        90.000526583699639        74.000000000000057       0.45560056240105440     
           9   24.637939453125000        90.233898920801991        74.000000000000071       0.45560056240105440     
           2   24.659179687500000        89.502949842736641        73.999999999999943       0.45570052962813962     
           3   25.040893554687500        88.949205846561199        73.999999999999943       0.45570052962813962     
           5   24.818115234375000        90.964545365749117        74.000000000000057       0.45570052962813962     
           9   25.078857421875000        90.197824403164859        74.000000000000071       0.45570052962813962     
           4   24.114868164062500        88.899550049663887        74.000000000000028       0.45680052967311086     
           6   24.802734375000000        90.484402686668290        73.999999999999943       0.45680052967311086     
           7   24.674926757812500        89.471063042998750        73.999999999999986       0.45680052967311086     
           8   24.757690429687500        89.552870748050410        74.000000000000000       0.45680052967311086     
          10   24.611083984375000        89.434567485576324        74.000000000000000       0.45680052967311086     
           9   24.273193359375000        90.407565753961507        74.000000000000071       0.45790052971808209     
           9   24.564208984375000        90.383967291948906        74.000000000000071       0.45796579400825388     
           9   24.649902343750000        90.376992070755634        74.000000000000071       0.45798508805609839     
           9   24.672119140625000        90.375182540630931        74.000000000000071       0.45799009361171245     
           2   24.237670898437500        89.292888417744450        73.999999999999943       0.45909009365668368     
           4   24.581665039062500        89.084711693303362        74.000000000000028       0.45909009365668368     
           5   24.475341796875000        90.734800989089962        74.000000000000057       0.45909009365668368     
           6   24.753662109375000        90.655019338518130        73.999999999999943       0.45909009365668368     
           7   24.648071289062500        89.650657899988332        73.999999999999986       0.45909009365668368     
           8   24.656738281250000        89.731719809445906        74.000000000000000       0.45909009365668368     
          10   24.585693359375000        89.619242005564431        74.000000000000000       0.45909009365668368     
           2   24.599121093750000        89.263553576886849        73.999999999999943       0.45917223810578289     
           4   24.940063476562500        90.055445243458635        74.000000000000028       0.45917223810578289     
           5   24.840820312500000        90.704992445605413        74.000000000000057       0.45917223810578289     
           6   25.116943359375000        90.625237005206245        73.999999999999943       0.45917223810578289     
           7   25.008300781250000        89.621205523333515        73.999999999999986       0.45917223810578289     
           8   25.016967773437500        89.702240802022885        74.000000000000000       0.45917223810578289     
          10   24.945922851562500        89.589799949779277        74.000000000000000       0.45917223810578289     
           2   24.599121093750000        89.263553576886849        73.999999999999943       0.45917223810578289     
           4   24.940063476562500        90.055445243458635        74.000000000000028       0.45917223810578289     
           5   24.840820312500000        90.704992445605413        74.000000000000057       0.45917223810578289     
           6   25.116943359375000        90.625237005206245        73.999999999999943       0.45917223810578289     
           7   25.008300781250000        89.621205523333515        73.999999999999986       0.45917223810578289     
           8   25.016967773437500        89.702240802022885        74.000000000000000       0.45917223810578289     
          10   24.945922851562500        89.589799949779277        74.000000000000000       0.45917223810578289     
           3   24.221801757812500        89.317831595339896        73.999999999999943       0.46026288815433969     
           3   24.263427734375000        90.314491172185527        73.999999999999943       0.46027223815075413     
           4   22.585083007812500        90.399450199361638        74.000000000000028       0.46099998976569623     
           6   22.673095703125000        91.962184627042291        73.999999999999943       0.46099998976569623     
           7   22.584228515625000        90.965466858121005        73.999999999999986       0.46099998976569623     
           8   22.590820312500000        91.045911847782619        74.000000000000000       0.46099998976569623     
           9   22.656005859375000        91.290719915664255        74.000000000000071       0.46099998976569623     
          10   22.581542968750000        90.934252763063427        74.000000000000000       0.46099998976569623     
           2   22.231689453125000        91.212610131155060        73.999999999999943       0.46209998981066747     
           3   22.696777343750000        91.649652745046140        73.999999999999943       0.46209998981066747     
           5   22.440429687500000        92.637266759719907        74.000000000000057       0.46209998981066747     
           4   24.383789062500000        91.600140680938964        74.000000000000028       0.46319998985563871     
           6   24.542724609375000        93.149448825030746        73.999999999999943       0.46319998985563871     
           7   24.407226562500000        91.164092256798980        73.999999999999986       0.46319998985563871     
           8   24.415527343750000        91.243832436236119        74.000000000000000       0.46319998985563871     
           9   24.441162109375000        91.486495644257559        74.000000000000071       0.46319998985563871     
          10   24.403564453125000        91.133151640716761        74.000000000000000       0.46319998985563871     
           2   24.378417968750000        91.413460544681996        73.999999999999943       0.46429998990060994     
           3   24.478271484375000        91.842283721814468        73.999999999999943       0.46429998990060994     
           5   24.525390625000000        92.825635195656830        74.000000000000057       0.46429998990060994     
           4   24.418457031250000        91.797595786753945        74.000000000000028       0.46539998994558118     
           6   24.578125000000000        93.333329832254648        73.999999999999943       0.46539998994558118     
           8   24.436035156250000        91.440018964495650        74.000000000000000       0.46539998994558118     
           9   24.460937500000000        91.680556104618532        74.000000000000071       0.46539998994558118     
          10   24.424316406250000        91.330307886999293        74.000000000000000       0.46539998994558118     
           4   24.691894531250000        91.775314929163144        74.000000000000028       0.46546067661665186     
           6   24.854980468750000        93.310676225560002        73.999999999999943       0.46546067661665186     
           8   24.708740234375000        92.417824896958408        74.000000000000000       0.46546067661665186     
           9   24.733886718750000        91.658303654574453        74.000000000000071       0.46546067661665186     
          10   24.697021484375000        91.308140448230191        74.000000000000000       0.46546067661665186     
           2   24.669433593750000        91.590558001798371        73.999999999999943       0.46656067666162310     
           3   24.771240234375000        92.010888933418727        73.999999999999943       0.46656067666162310     
           5   24.818847656250000        92.990020278639676        74.000000000000057       0.46656067666162310     
           7   24.433105468750000        91.937794654113674        73.999999999999986       0.46656067666162310     
           4   24.437011718750000        91.971235264425815        74.000000000000028       0.46766067670659434     
           6   24.595214843750000        93.493144656054909        73.999999999999943       0.46766067670659434     
           8   24.502685546875000        92.608115949446145        74.000000000000000       0.46766067670659434     
           9   24.478515625000000        91.850858837318654        74.000000000000071       0.46766067670659434     
          10   24.442382812500000        91.503763548679473        74.000000000000000       0.46766067670659434     
           2   24.417968750000000        91.788097065237878        73.999999999999943       0.46876067675156557     
           3   24.515625000000000        92.200354977727159        73.999999999999943       0.46876067675156557     
           5   24.562011718750000        93.175298102123293        74.000000000000057       0.46876067675156557     
           7   24.453613281250000        92.132291440540087        73.999999999999986       0.46876067675156557     
           4   24.456787109375000        92.165439064500191        74.000000000000028       0.46986067679653681     
           6   24.614257812500000        93.674014408795031        73.999999999999943       0.46986067679653681     
           8   24.522705078125000        92.796739787108137        74.000000000000000       0.46986067679653681     
           9   24.498535156250000        92.041726968300594        74.000000000000071       0.46986067679653681     
          10   24.462402343750000        91.697672718131685        74.000000000000000       0.46986067679653681     
           2   24.438232421875000        91.983905411174263        73.999999999999943       0.47096067684150805     
           3   24.534912109375000        92.388161035431281        73.999999999999943       0.47096067684150805     
           5   24.581542968750000        93.358952633654098        74.000000000000057       0.47096067684150805     
           2   24.616455078125000        92.969442005435326        73.999999999999943       0.47099998954217881     
           3   24.712646484375000        93.373634065168858        73.999999999999943       0.47099998954217881     
           5   24.762695312500000        94.344273017635757        74.000000000000057       0.47099998954217881     
           2   24.667968750000000        92.965244602915291        73.999999999999943       0.47101127684579419     
           3   24.764648437500000        93.369418414106789        73.999999999999943       0.47101127684579419     
           5   24.813964843750000        94.340013543976738        74.000000000000057       0.47101127684579419     
           4   24.759277343750000        93.335017106534949        74.000000000000028       0.47211127689076543     
           6   24.917480468750000        94.830072598451366        73.999999999999943       0.47211127689076543     
           7   24.541503906250000        92.896708214790849        73.999999999999986       0.47211127689076543     
           8   24.880371093750000        93.956269777646270        74.000000000000000       0.47211127689076543     
           9   24.801269531250000        93.207821892770582        74.000000000000071       0.47211127689076543     
          10   24.765625000000000        92.866851056824274        74.000000000000000       0.47211127689076543     
           2   24.559814453125000        93.150739495847759        73.999999999999943       0.47321127693573667     
           3   24.656250000000000        93.546981846801060        73.999999999999943       0.47321127693573667     
           5   24.701171875000000        94.513463544989477        74.000000000000057       0.47321127693573667     
           4   24.597656250000000        93.517272276988990        74.000000000000028       0.47431127698070791     
           6   24.751953125000000        94.999228999158547        73.999999999999943       0.47431127698070791     
           7   24.607421875000000        93.078413247640640        73.999999999999986       0.47431127698070791     
           8   24.714843750000000        94.128691574509489        74.000000000000000       0.47431127698070791     
           9   24.639160156250000        93.386801136206543        74.000000000000071       0.47431127698070791     
          10   24.603515625000000        93.048817679989369        74.000000000000000       0.47431127698070791     
           2   24.578125000000000        93.334609194996517        73.999999999999943       0.47541127702567915     
           3   24.673828125000000        93.722989576357293        73.999999999999943       0.47541127702567915     
           5   24.718750000000000        94.685393882258538        74.000000000000057       0.47541127702567915     
           4   24.617187500000000        93.697930638143404        74.000000000000028       0.47651127707065039     
           6   24.769042968750000        95.166903354044635        73.999999999999943       0.47651127707065039     
           7   24.625000000000000        93.258526291162937        73.999999999999986       0.47651127707065039     
           8   24.733398437500000        94.299602716130380        74.000000000000000       0.47651127707065039     
           9   24.657226562500000        93.564212272029167        74.000000000000071       0.47651127707065039     
          10   24.623046875000000        93.229190021931231        74.000000000000000       0.47651127707065039     
           2   24.597167968750000        93.516867939324143        73.999999999999943       0.47761127711562162     
           3   24.691406250000000        93.897455232903127        73.999999999999943       0.47761127711562162     
           5   24.736816406250000        94.855817870156244        74.000000000000057       0.47761127711562162     
           4   24.634765625000000        93.877006180273099        74.000000000000028       0.47871127716059286     
           6   24.786132812500000        95.333108647896552        73.999999999999943       0.47871127716059286     
           7   24.644042968750000        93.437061293402991        73.999999999999986       0.47871127716059286     
           8   24.750488281250000        94.469016437954224        74.000000000000000       0.47871127716059286     
           9   24.675292968750000        93.740069039046588        74.000000000000071       0.47871127716059286     
          10   24.641113281250000        93.407982050775303        74.000000000000000       0.47871127716059286     
           2   24.616210937500000        93.697529843040016        73.999999999999943       0.47981127720556410     
           3   24.710937500000000        94.070392327147303        73.999999999999943       0.47981127720556410     
           5   24.754882812500000        95.024748706402477        74.000000000000057       0.47981127720556410     
           4   24.653320312500000        94.054512771078691        74.000000000000028       0.48091127725053534     
           6   24.803222656250000        95.497857751736362        73.999999999999943       0.48091127725053534     
           7   24.662597656250000        93.614032080201710        73.999999999999986       0.48091127725053534     
           8   24.769531250000000        94.636945859465385        74.000000000000000       0.48091127725053534     
           9   24.693847656250000        93.914385055695860        74.000000000000071       0.48091127725053534     
          10   24.658691406250000        93.585207612266771        74.000000000000000       0.48091127725053534     
           4   25.060546875000000        95.021143610545280        74.000000000000028       0.48099998931866139     
           6   25.216796875000000        96.463976513590239        73.999999999999943       0.48099998931866139     
           7   25.067871093750000        94.580819195751744        73.999999999999986       0.48099998931866139     
           8   25.178222656250000        95.603370060221579        74.000000000000000       0.48099998931866139     
           9   25.100585937500000        94.881065610418972        74.000000000000071       0.48099998931866139     
          10   25.063964843750000        94.552004954314924        74.000000000000000       0.48099998931866139     
           2   25.090820312500000        94.839267304803712        73.999999999999943       0.48209998936363263     
           3   25.189453125000000        95.203988304715807        73.999999999999943       0.48209998936363263     
           5   25.231445312500000        96.154391128971611        74.000000000000057       0.48209998936363263     
           4   24.771484375000000        95.188625962893553        74.000000000000028       0.48319998940860387     
           6   24.918945312500000        96.618817638852022        73.999999999999943       0.48319998940860387     
           7   24.779296875000000        94.747769069286676        73.999999999999986       0.48319998940860387     
           8   24.885742187500000        95.761360963069095        74.000000000000000       0.48319998940860387     
           9   24.810546875000000        95.045384906912233        74.000000000000071       0.48319998940860387     
          10   24.775878906250000        94.719207280762845        74.000000000000000       0.48319998940860387     
           2   24.752441406250000        95.008343147068686        73.999999999999943       0.48429998945357511     
           3   24.843750000000000        95.365478348354245        73.999999999999943       0.48429998945357511     
           5   24.886718750000000        96.311944653667425        74.000000000000057       0.48429998945357511     
           4   24.788085937500000        95.354640936417468        74.000000000000028       0.48539998949854635     
           6   24.935546875000000        96.772302140056624        73.999999999999943       0.48539998949854635     
           7   24.797363281250000        94.913256229253776        73.999999999999986       0.48539998949854635     
           8   24.903320312500000        95.917967645417960        74.000000000000000       0.48539998949854635     
           9   24.827148437500000        95.208264537358744        74.000000000000071       0.48539998949854635     
          10   24.793457031250000        94.884944681803560        74.000000000000000       0.48539998949854635     
           2   24.769042968750000        95.175937649316836        73.999999999999943       0.48649998954351759     
           3   24.858398437500000        95.525553514144036        73.999999999999943       0.48649998954351759     
           5   24.903320312500000        96.468117789906785        74.000000000000057       0.48649998954351759     
           4   24.803710937500000        95.519201387400585        74.000000000000028       0.48759998958848882     
           6   24.951171875000000        96.924441903121505        73.999999999999943       0.48759998958848882     
           7   24.812988281250000        95.077293491062449        73.999999999999986       0.48759998958848882     
           8   24.919921875000000        96.073202234968946        74.000000000000000       0.48759998958848882     
           9   24.844726562500000        95.369717115239510        74.000000000000071       0.48759998958848882     
          10   24.812011718750000        95.049229992225293        74.000000000000000       0.48759998958848882     
           2   24.786132812500000        95.342063790151201        73.999999999999943       0.48869998963346006     
           3   24.875000000000000        95.684226198387009        73.999999999999943       0.48869998963346006     
           5   24.919921875000000        96.622922631816394        74.000000000000057       0.48869998963346006     
           4   24.821289062500000        95.682320059487523        74.000000000000028       0.48979998967843130     
           6   24.967773437500000        97.075248709826894        73.999999999999943       0.48979998967843130     
           7   24.831542968750000        95.239893557841270        73.999999999999986       0.48979998967843130     
           8   24.934570312500000        96.227076753167211        74.000000000000000       0.48979998967843130     
           9   24.858398437500000        95.529755143523886        74.000000000000071       0.48979998967843130     
          10   24.829589843750000        95.212075934365615        74.000000000000000       0.48979998967843130     
           2   24.804199218750000        95.506734434464207        73.999999999999943       0.49089998972340254     
           3   24.893554687500000        95.841508688776130        73.999999999999943       0.49089998972340254     
           5   24.936523437500000        96.776371167561564        74.000000000000057       0.49089998972340254     
           2   25.269531250000000        96.468539620126251        73.999999999999943       0.49099998909514397     
           3   25.359375000000000        96.803179992355780        73.999999999999943       0.49099998909514397     
           5   25.406250000000000        97.737668603277129        74.000000000000057       0.49099998909514397     
           6   20.044921875000000        97.610404261145462        73.999999999999943       0.49099998909514397     
           2   25.269531250000000        96.468539620126251        73.999999999999943       0.49099998909514397     
           3   25.359375000000000        96.803179992355780        73.999999999999943       0.49099998909514397     
           5   25.406250000000000        97.737668603277129        74.000000000000057       0.49099998909514397     
           6   20.044921875000000        97.610404261145462        73.999999999999943       0.49099998909514397     
           7   24.932617187500000        96.394108265067217        73.999999999999986       0.49200768914273141     
           8   25.029296875000000        97.372612223841642        74.000000000000000       0.49200768914273141     
           9   24.963867187500000        96.681421410621141        74.000000000000071       0.49200768914273141     
          10   24.929687500000000        96.366535211936352        74.000000000000000       0.49200768914273141     
           7   25.365234375000000        97.358526130170588        73.999999999999986       0.49209998914011521     
           8   25.465820312500000        97.336668891974739        74.000000000000000       0.49209998914011521     
           9   25.395507812500000        96.645733219293405        74.000000000000071       0.49209998914011521     
          10   25.362304687500000        96.330963255131664        74.000000000000000       0.49209998914011521     
           2   24.918945312500000        96.623340766215236        73.999999999999943       0.49319998918508645     
           3   25.004882812500000        96.950658888039669        73.999999999999943       0.49319998918508645     
           4   25.379882812500000        96.376697687764732        74.000000000000028       0.49319998918508645     
           5   25.109375000000000        97.876592565114407        74.000000000000057       0.49319998918508645     
           6   25.085937500000000        97.750810747217727        73.999999999999943       0.49319998918508645     
           7   25.009765625000000        97.505529754069983        73.999999999999986       0.49429998923005769     
           8   25.063476562500000        97.479473681382032        74.000000000000000       0.49429998923005769     
           9   24.992187500000000        96.794591568140660        74.000000000000071       0.49429998923005769     
          10   24.961914062500000        96.482579427555422        74.000000000000000       0.49429998923005769     
           2   24.936523437500000        96.776785638520323        73.999999999999943       0.49539998927502893     
           3   25.024414062500000        97.096845663058133        73.999999999999943       0.49539998927502893     
           4   24.963867187500000        96.527913162819189        74.000000000000028       0.49539998927502893     
           5   25.119140625000000        98.014666870661017        74.000000000000057       0.49539998927502893     
           6   25.102539062500000        97.889987076789453        73.999999999999943       0.49539998927502893     
           7   25.025390625000000        97.651245421347170        73.999999999999986       0.49649998932000017     
           8   25.080078125000000        97.621027301809107        74.000000000000000       0.49649998932000017     
           9   25.008789062500000        96.942145710390236        74.000000000000071       0.49649998932000017     
          10   24.974609375000000        96.632867231003431        74.000000000000000       0.49649998932000017     
           2   24.952148437500000        96.928886119890080        73.999999999999943       0.49759998936497141     
           3   25.037109375000000        97.241751638188987        73.999999999999943       0.49759998936497141     
           4   24.977539062500000        96.677803779565309        74.000000000000028       0.49759998936497141     
           5   25.132812500000000        98.151531452858833        74.000000000000057       0.49759998936497141     
           6   25.117187500000000        98.027944027746045        73.999999999999943       0.49759998936497141     
           7   25.040039062500000        97.795684416297121        73.999999999999986       0.49869998940994265     
           8   25.092773437500000        97.761340715239967        74.000000000000000       0.49869998940994265     
           9   25.020507812500000        97.088407072709586        74.000000000000071       0.49869998940994265     
          10   24.991210937500000        96.781838303839251        74.000000000000000       0.49869998940994265     
           2   24.964843750000000        97.079653989062749        73.999999999999943       0.49979998945491388     
           3   25.051757812500000        97.385388035024292        73.999999999999943       0.49979998945491388     
           4   24.995117187500000        96.826381145608295        74.000000000000028       0.49979998945491388     
           5   25.146484375000000        98.287196910570358        74.000000000000057       0.49979998945491388     
           6   25.128906250000000        98.164692283543616        73.999999999999943       0.49979998945491388     
