   19.999867125312008     
 firing for            1
   20000000.000000000        20000000.000000000        20000000.000000000        20000000.000000000        20000000.000000000        20000000.000000000        20000000.000000000        20000000.000000000        20000000.000000000        20000000.000000000     
 updating for neuron           1
   20000000.000000000        20000000.000000000        6.8594962756242328        20000000.000000000        20000000.000000000        20000000.000000000        8.0417369023264218        8.1506647918642710        6.7691609337454359        20000000.000000000     
 firing for            9
   20000000.000000000        20000000.000000000        6.8594962756242328        20000000.000000000        20000000.000000000        20000000.000000000        8.0417369023264218        8.1506647918642710        20000000.000000000        20000000.000000000     
 updating for neuron           9
   20000000.000000000        20000000.000000000        6.8580607047973672        20000000.000000000        20000000.000000000        20000000.000000000        8.0415227933885927        8.1501126300136146        20000000.000000000        20000000.000000000     
 firing for            3
   20000000.000000000        20000000.000000000        20000000.000000000        20000000.000000000        20000000.000000000        20000000.000000000        8.0415227933885927        8.1501126300136146        20000000.000000000        20000000.000000000     
 updating for neuron           3
   20000000.000000000        20000000.000000000        20000000.000000000        20000000.000000000        20000000.000000000        20000000.000000000        8.0418509454235796        8.1507905432447085        20000000.000000000        20000000.000000000     
 firing for            7
   20000000.000000000        20000000.000000000        20000000.000000000        20000000.000000000        20000000.000000000        20000000.000000000        20000000.000000000        8.1507905432447085        20000000.000000000        20000000.000000000     
 updating for neuron           7
   20000000.000000000        20000000.000000000        20000000.000000000        20000000.000000000        20000000.000000000        20000000.000000000        20000000.000000000        8.1523817468590156        20000000.000000000        20000000.000000000     
 firing for            8
   20000000.000000000        20000000.000000000        20000000.000000000        20000000.000000000        20000000.000000000        20000000.000000000        20000000.000000000        20000000.000000000        20000000.000000000        20000000.000000000     
 updating for neuron           8
   20000000.000000000        20000000.000000000        20000000.000000000        20000000.000000000        20000000.000000000        20000000.000000000        20000000.000000000        20000000.000000000        20000000.000000000        20000000.000000000     
