   15.039327728341007       0.14188221068176760        74.000000000000000        0.0000000000000000     
 updating for           1
   13.768150880314753        1.2760558559842268        74.000000000000000       0.15588245514594073     
 updating for           9
   19.954742088315093       0.61230276294248120        74.000000000000000       0.33945804673476926     
 updating for           3
   14.000000000000000       0.60392312711908125        74.000000000000000       0.34290303523986837     
 updating for           7
   15.043753623822196       0.47470277367107178        74.000000000000000       0.40309254731867639     
 updating for           8
   15.113301509617271       0.46432405750364431        74.000000000000000       0.40861908739044822     
