   15.620391673978490       0.16018693026019409        74.000000000000000        0.0000000000000000     
 updating for           1
   14.371212162414878        1.2858680814673353        74.000000000000014       0.15588245514594073     
 updating for          28
   18.944913231252386        2.0395232642495680        74.000000000000014       0.26247125206163929     
 updating for           6
   19.422426976590700        3.1973682297925121        74.000000000000014       0.26769267243770223     
 updating for          10
   19.513606164389529        4.3898384091639118        74.000000000000014       0.26828212196411561     
 updating for          15
   19.842157761924454        5.5634623663928897        74.000000000000014       0.26978876335033108     
 updating for          18
   19.887975341986646        6.7598378302126747        74.000000000000014       0.26995169089627929     
 updating for           3
   14.000000000000000        6.7510864331972158        74.000000000000014       0.27027555468489683     
 updating for          21
   14.394960099176728        7.9237038248079292        74.000000000000014       0.27129162593123002     
 updating for          12
   14.669638224560117        9.1046393673525934        74.000000000000000       0.27189385303055613     
 updating for          37
   15.014705453954321        10.280645285721773        74.000000000000000       0.27255356619311782     
 updating for          17
   15.015932285771896        11.480560024387421        74.000000000000000       0.27255564070715971     
 updating for          42
   15.082559146596395        12.675936388444802        74.000000000000000       0.27265634605032951     
 updating for          36
   15.523059266569362        13.845286637999919        74.000000000000000       0.27326156589147427     
 updating for          31
   15.650388120249318        15.036396109304130        74.000000000000000       0.27342215180638541     
 updating for          30
   15.704136584034131        16.232642771440787        74.000000000000000       0.27348456460227477     
 updating for          35
   15.770229428498169        17.428028459932612        74.000000000000000       0.27355564075465716     
 updating for          20
   15.870430371543989        18.621030223322080        74.000000000000000       0.27365604926872211     
 updating for          13
   16.055489840269729        19.808084394151329        74.000000000000000       0.27382991691942871     
 updating for          47
   16.073391605488723        21.006830916207196        74.000000000000000       0.27384573830412634     
 updating for          44
   16.193919732351787        22.198387388514632        74.000000000000000       0.27394624457263728     
 updating for           2
   16.401794985868037        23.383791412768520        74.000000000000000       0.27411068021286439     
 updating for          22
   16.438786321341468        24.581189984537595        74.000000000000000       0.27413849457141054     
 updating for          19
   16.513157395544113        25.775957577712603        74.000000000000000       0.27419171627764277     
 updating for          26
   16.541971691447543        26.973929563923846        74.000000000000000       0.27421138714006216     
 updating for          32
   16.557972650000011        28.172803506393475        74.000000000000014       0.27422182433571013     
 updating for          43
   16.579548852285370        29.371285255591218        74.000000000000000       0.27423529778537437     
 updating for          14
   16.650592536519980        30.566283915965222        74.000000000000000       0.27427787179206548     
 updating for          49
   16.805834168975707        31.755336878901019        74.000000000000000       0.27436742344932807     
 updating for          41
   17.305129393120296        32.919930145594087        74.000000000000000       0.27464632566076586     
 updating for          11
   17.619693635730073        34.097464046574373        74.000000000000000       0.27481699595140852     
 updating for          25
   18.030458243563771        35.267940115642595        74.000000000000000       0.27503355727635920     
 updating for          46
   18.091614798177034        36.463526663979991        74.000000000000000       0.27506484472546938     
 updating for           9
   18.119740417459980        37.661495899077330        74.000000000000000       0.27507876870188275     
 updating for          40
   18.275113408686593        38.850261310648435        74.000000000000000       0.27515335623389170     
 updating for           4
   18.306521816179156        40.047986967491504        74.000000000000000       0.27516799228356525     
 updating for          34
   18.536512067075819        41.231296356653878        74.000000000000000       0.27527220562114851     
 updating for           5
   18.781847713515162        42.413417428780463        74.000000000000000       0.27538063571342997     
 updating for          50
   18.803191796876490        43.611858501176236        74.000000000000000       0.27538982504568915     
 updating for          45
   18.899011828005314        44.804853725507641        74.000000000000000       0.27542998262095408     
 updating for          39
   19.049243157729506        45.993848278659442        74.000000000000000       0.27549139810101658     
 updating for          33
   19.078897992148995        47.191672680029619        74.000000000000000       0.27550322412696282     
 updating for           7
   19.225100569427013        48.380930848864793        74.000000000000000       0.27556013618882552     
 updating for          48
   19.409916836768389        49.567312198982741        74.000000000000000       0.27563051833341751     
 updating for          24
   19.446925476193428        50.764579953687047        74.000000000000000       0.27564429943313268     
 updating for          23
   19.457978270947933        51.963763760173194        74.000000000000000       0.27564831920321908     
 updating for           1
   19.527256548404694        53.158644620556991        74.000000000000000       0.27567294905632861     
 updating for          16
   19.839617908000946        54.335483650680693        74.000000000000000       0.27578189683318910     
 updating for          29
   14.207090109586716        55.509669617194554        74.000000000000000       0.27590069680212698     
 updating for          27
   14.308519005775452        56.702849230278318        74.000000000000000       0.27593141601597004     
 updating for          38
   14.697528928518295        57.876582983426133        74.000000000000000       0.27604724961340482     
 updating for           8
   15.314590454101562        59.034558894287436        74.000000000000000       0.27622884033148715     
 updating for          28
   16.658091962337494        60.141486366119722        74.000000000000000       0.27662329581180295     
 updating for           6
   16.830762624740601        61.329364293074661        74.000000000000000       0.27667369090216853     
 updating for          10
   16.842572450637817        62.528533955899242        74.000000000000000       0.27667707586502588     
 updating for          15
   17.036452293395996        63.714877972992291        74.000000000000000       0.27673168102350448     
 updating for          18
   17.069681644439697        64.912532937928304        74.000000000000000       0.27674088266517671     
 updating for          21
   17.419846534729004        66.087737880225063        74.000000000000000       0.27683639519970910     
 updating for           3
   17.419846534729004        66.087737880225063        74.000000000000000       0.27683639519970910     
 updating for          12
   17.637956619262695        67.272215662120800        74.000000000000000       0.27689512049980530     
 updating for          37
   17.918287754058838        68.452176849706291        74.000000000000000       0.27696960089655481     
 updating for          17
   17.930356979370117        69.651311797866114        74.000000000000000       0.27697276041985386     
 updating for          42
   17.971933364868164        70.848330981987999        74.000000000000000       0.27698345988578149     
 updating for          36
   18.322219848632812        72.023128781884225        74.000000000000000       0.27707240598721866     
 updating for          31
   18.432956695556641        73.215128549127186        74.000000000000000       0.27710017736060194     
 updating for          30
   18.478290557861328        74.411848867388017        74.000000000000000       0.27711137655859935     
 updating for          35
   18.519802093505859        75.608843308781317        74.000000000000000       0.27712147463786452     
 updating for          20
   18.590759277343750        76.803702229443729        74.000000000000000       0.27713847430878008     
 updating for          47
   18.760910034179688        77.991345930094980        74.000000000000000       0.27717869808946510     
 updating for          13
   18.761032104492188        79.191336380286501        74.000000000000000       0.27717872885407324     
 updating for          44
   18.859848022460938        80.384143515998815        74.000000000000000       0.27720143726822682     
 updating for           2
   19.019241333007812        81.572515526684441        74.000000000000000       0.27723760384786050     
 updating for          22
   19.053955078125000        82.769979111356704        74.000000000000000       0.27724537761342055     
 updating for          19
   19.096862792968750        83.966842360579321        74.000000000000000       0.27725485223796176     
 updating for          26
   19.107299804687500        85.166079904322700        74.000000000000000       0.27725712250138085     
 updating for          32
   19.134765625000000        86.364073249043244        74.000000000000000       0.27726301312886714     
 updating for          43
   19.150268554687500        87.562941663809028        74.000000000000000       0.27726628891325683     
 updating for          14
   19.187500000000000        88.760218445379763        74.000000000000000       0.27727406420155176     
 updating for          49
   19.292114257812500        89.952532977313311        74.000000000000000       0.27729571198655717     
 updating for          41
   19.651855468750000        91.126047877484382        74.000000000000000       0.27736933150141324     
 updating for          11
   19.901123046875000        92.307587278232972        74.000000000000000       0.27741998254337741     
 updating for          25
   20.285400390625000        93.478943632608647        74.000000000000000       0.27749757133981889     
 updating for          46
   20.338378906250000        94.674957609467754        74.000000000000000       0.27750823191122109     
 updating for           9
   20.377441406250000        95.872047852303879        74.000000000000000       0.27751591570014994     
 updating for          40
   20.513671875000000        97.061770376901393        74.000000000000000       0.27754271723989271     
 updating for           4
   20.556640625000000        98.258560142697021        74.000000000000000       0.27755098603348216     
 updating for          34
   20.804687500000000        99.440148631419277        74.000000000000000       0.27759783509201968     
 updating for           5
   21.097656250000000        100.61806658867681        74.000000000000000       0.27765335729033019     
 updating for          50
   21.130859375000000        101.81534137312143        74.000000000000000       0.27766012868894513     
 updating for          45
   21.246093750000000        103.00737055244547        74.000000000000000       0.27767970132966441     
 updating for          39
   21.414062500000000        104.19444544358042        74.000000000000000       0.27771107279235324     
 updating for          33
   21.445312500000000        105.39183470099083        74.000000000000000       0.27771733709697116     
 updating for           7
   21.593750000000000        106.57975570719910        74.000000000000000       0.27774599143664763     
 updating for          48
   21.781250000000000        107.76541409785725        74.000000000000000       0.27777963436898229     
 updating for          24
   21.796875000000000        108.96284430202866        74.000000000000000       0.27778559610117481     
 updating for          23
   21.781250000000000        110.16177106379588        74.000000000000000       0.27778805861766231     
 updating for           1
   21.968750000000000        111.35067600822495        74.000000000000000       0.27781323899991917     
 updating for          16
   22.187500000000000        112.53189810859116        74.000000000000000       0.27785540203723924     
 updating for          29
   22.562500000000000        113.70500148142732        74.000000000000000       0.27791516262545907     
 updating for          27
   22.812500000000000        114.89821622077514        74.000000000000000       0.27793008173787948     
 updating for          38
   23.375000000000000        116.07206100026011        74.000000000000000       0.27798699786435477     
 updating for           8
   23.750000000000000        117.22745882354931        74.000000000000000       0.27808308213240185     
 updating for          28
   25.375000000000000        118.31772913444196        74.000000000000000       0.27831720203430577     
 updating for          10
   25.500000000000000        119.50347985277405        74.000000000000000       0.27834731203465762     
 updating for          37
   27.250000000000000        120.62257776619215        74.000000000000000       0.27851661574765557     
 updating for          42
   27.500000000000000        121.81847671590295        74.000000000000014       0.27852511574775490     
 updating for          19
   27.500000000000000        122.94317450369435        74.000000000000014       0.27867970137716186     
 updating for          25
   30.000000000000000        124.07752190675367        74.000000000000014       0.27881323904741662     
 updating for          34
   29.000000000000000        125.25659777819369        74.000000000000014       0.27885540208473669     
 updating for          33
   30.000000000000000        126.42665977240478        74.000000000000014       0.27891516267295652     
 updating for          45
   30.000000000000000        127.62665982008849        74.000000000000014       0.27891516267295652     
 updating for           1
   28.000000000000000        128.78999276961346        74.000000000000014       0.27898699791185222     
 updating for          16
   28.000000000000000        129.98999281729718        74.000000000000014       0.27898699791185222     
 updating for          23
   28.000000000000000        131.18999286498089        74.000000000000014       0.27898699791185222     
 updating for          28
   24.000000000000000        132.20105064879618        74.000000000000014       0.27934731208215507     
 updating for          37
   32.000000000000000        133.15479042166251        74.000000000000014       0.27981343909491641     
 updating for          19
   32.000000000000000        134.33244202725771        74.000000000000014       0.27985540213223414     
 updating for          48
   32.000000000000000        135.53244207494143        74.000000000000014       0.27985540213223414     
 updating for          42
   16.000000000000000        136.69993960072162        74.000000000000014       0.27991536272045631     
 updating for          44
   32.000000000000000        137.89972092867438        74.000000000000014       0.27991576272046098     
 updating for          10
   32.000000000000000        139.06043329570639        74.000000000000014       0.27998699795934967     
 updating for          34
   32.000000000000000        140.26043334339010        74.000000000000014       0.27998699795934967     
 updating for          25
   128.00000000000000        141.46032118277071        74.000000000000014       0.27998719795935201     
 updating for           1
   192.00000000000000        142.45670045434341        74.000000000000014       0.28034731212965253     
 updating for          28
   256.00000000000000        143.39133630082523        74.000000000000014       0.28081343914241386     
 updating for          28
   32.000000000000000        138.67499130281550        74.000000000000014       0.29134731195363256     
 updating for           2
   96.000000000000000        139.61667160719207        74.000000000000014       0.29181343896639389     
 updating for           3
   96.000000000000000        139.61667160719207        74.000000000000014       0.29181343896639389     
 updating for           4
   128.00000000000000        140.81667165487579        74.000000000000014       0.29181343896639389     
 updating for           5
   128.00000000000000        142.01667170255951        74.000000000000014       0.29181343896639389     
 updating for           6
   128.00000000000000        143.21667175024322        74.000000000000014       0.29181343896639389     
 updating for           8
   128.00000000000000        144.41667179792694        74.000000000000014       0.29181343896639389     
 updating for          10
   128.00000000000000        145.61667184561065        74.000000000000014       0.29181343896639389     
 updating for          12
   256.00000000000000        146.81667189329437        74.000000000000014       0.29181343896639389     
 updating for          15
   256.00000000000000        148.01667194097809        74.000000000000014       0.29181343896639389     
 updating for          16
   0.0000000000000000        149.21667198866180        74.000000000000014       0.29181343896639389     
 updating for          17
   0.0000000000000000        150.41667203634552        74.000000000000014       0.29181343896639389     
 updating for          18
   0.0000000000000000        151.61667208402923        74.000000000000014       0.29181343896639389     
 updating for          19
   0.0000000000000000        152.81667213171295        74.000000000000014       0.29181343896639389     
 updating for          20
   0.0000000000000000        154.01667217939666        74.000000000000014       0.29181343896639389     
 updating for          23
   0.0000000000000000        155.21667222708038        74.000000000000014       0.29181343896639389     
 updating for          24
   0.0000000000000000        156.41667227476410        74.000000000000014       0.29181343896639389     
 updating for          25
   0.0000000000000000        157.61667232244781        74.000000000000014       0.29181343896639389     
 updating for          30
   0.0000000000000000        158.81667237013153        74.000000000000014       0.29181343896639389     
 updating for          32
   0.0000000000000000        160.01667241781524        74.000000000000014       0.29181343896639389     
 updating for          34
   0.0000000000000000        161.21667246549896        74.000000000000014       0.29181343896639389     
 updating for          36
   0.0000000000000000        162.41667251318268        74.000000000000014       0.29181343896639389     
 updating for          41
   0.0000000000000000        163.61667256086639        74.000000000000014       0.29181343896639389     
 updating for          42
   0.0000000000000000        164.81667260855011        74.000000000000014       0.29181343896639389     
 updating for          44
   0.0000000000000000        166.01667265623382        74.000000000000014       0.29181343896639389     
 updating for          47
   0.0000000000000000        167.21667270391754        74.000000000000014       0.29181343896639389     
